[-0.43236831]
[ 0.42680019]
[ 0.46975579]
[-0.32241677]
[-0.4283351]
[ 0.46265639]
[-0.52052225]
[ 0.44451226]
[ 0.43331211]
[ 0.47259956]
[-0.36245149]
[-0.43871604]
[-0.37536891]
[-0.41705279]
[-0.39449445]
[ 0.54434466]
[-0.42478293]
[-0.44603977]
[-0.39971813]
[-0.45203254]
[-0.44741555]
[ 0.41800551]
[-0.33774715]
[-0.26264579]
[ 0.47842648]
[-0.44089178]
[-0.50929724]
[ 0.4140049]
[ 0.46996777]
[ 0.51227963]
[ 0.43049056]
[ 0.56112531]
[ 0.42579564]
[-0.46597408]
[ 0.48389788]
[-0.36460644]
[ 0.46429348]
[-0.29391097]
[-0.31854113]
[-0.44277796]
[ 0.49370855]
[ 0.42276718]
[-0.42046511]
[-0.38534444]
[-0.4104376]
[-0.48098544]
[ 0.50662355]
[ 0.43701607]
[-0.43504194]
[-0.4950227]
[-0.41540073]
[ 0.44783454]
[ 0.45341415]
[ 0.45640871]
[-0.3748965]
[-0.42943123]
[ 0.47075729]
[-0.40636265]
[-0.32971717]
[-0.44711142]
[ 0.54458013]
[ 0.40798263]
[ 0.35109532]
[ 0.49345142]
[ 0.50388015]
[-0.51438747]
[-0.40046971]
[ 0.46963209]
[ 0.4345473]
[ 0.42161488]
[ 0.31441821]
[ 0.39592292]
[-0.39976561]
[ 0.38869669]
[-0.4453383]
[-0.43392045]
[ 0.41038458]
[-0.42091956]
[ 0.47801167]
[ 0.38917077]
[ 0.40066736]
[-0.42447206]
[ 0.41500766]
[-0.26411697]
[-0.59192951]
[ 0.56295068]
[ 0.47208179]
[-0.42517414]
[-0.40150401]
[ 0.48325213]
[ 0.48099938]
[-0.39194821]
[ 0.42929846]
[ 0.47833602]
[ 0.44916391]
[-0.40665292]
[-0.38901996]
[-0.34915695]
[-0.44669118]
[ 0.42202722]
[-0.36928873]
[-0.46521349]
[-0.36330008]
[-0.44530996]
[-0.45023148]
[-0.40383765]
[-0.35952087]
[ 0.44545843]
[ 0.48408052]
[ 0.53106729]
[-0.39563472]
[ 0.46777019]
[ 0.47864815]
[ 0.39956837]
[ 0.41344915]
[ 0.47222628]
[ 0.35238575]
[-0.41783544]
[-0.429469]
[-0.52426819]
[ 0.41695944]
[-0.4368798]
[ 0.46060189]
[-0.38588089]
[-0.34594855]
[ 0.46827178]
[ 0.48373354]
[ 0.497239]
[ 0.41863521]
[-0.44414805]
[ 0.46259493]
[ 0.40707652]
[ 0.4583695]
[-0.33659676]
[ 0.3402799]
[ 0.43014733]
[-0.39319522]
[ 0.35207917]
[-0.42827385]
[ 0.40549837]
[ 0.43508378]
[ 0.41051382]
[-0.45175461]
[-0.43626501]
[ 0.43538838]
[ 0.42151667]
[ 0.43648111]
[ 0.36688016]
[ 0.39325054]
[ 0.34178201]
[ 0.33608519]
[-0.46771839]
[-0.48631694]
[ 0.4808819]
[ 0.44741093]
[ 0.4103491]
[ 0.42669082]
[-0.46126298]
[ 0.42987576]
[-0.38429262]
[ 0.43321365]
[ 0.40008096]
[ 0.38398068]
[-0.36723168]
[-0.39813735]
[-0.41118019]
[-0.36879477]
[-0.50193713]
[-0.49524979]
[ 0.41416274]
[-0.4761439]
[-0.3824418]
[ 0.51121554]
[ 0.36185595]
[-0.36978752]
[-0.38202199]
[ 0.33289581]
[-0.39319558]
[ 0.39480908]
[ 0.37939008]
[ 0.5135085]
[ 0.56928203]
[-0.45676334]
[-0.43741292]
[-0.42178721]
[ 0.42266008]
[-0.39935567]
[ 0.44127561]
[-0.29597261]
[ 0.50024244]
[-0.41137678]
[-0.40714865]
[ 0.45550148]
[-0.41992288]
[-0.30744497]
[-0.33576691]
[-0.46445616]
[ 0.3418947]
[-0.40321677]
[-0.42891534]
[ 0.44334265]
[-0.41122252]
[-0.44056031]
[-0.42573159]
[-0.38979377]
[-0.33108886]
[-0.39847968]
[ 0.46118779]
[ 0.36149482]
[ 0.3939901]
[-0.33455199]
[ 0.45217897]
[-0.46589947]
[-0.52866251]
[ 0.46213532]
[-0.42711163]
[-0.39328515]
[-0.37215953]
[ 0.36725046]
[-0.40964372]
[ 0.44330124]
[ 0.4906441]
[-0.44102328]
[-0.37129835]
[-0.49001576]
[-0.39775508]
[-0.3315291]
[-0.43056256]
[ 0.46500418]
[-0.40597562]
[ 0.51086133]
[-0.46805422]
[ 0.53344689]
[-0.39378153]
[ 0.47042294]
[ 0.36840369]
[ 0.38559768]
[ 0.51419693]
[-0.40835672]
[ 0.52310733]
[-0.35590895]
[ 0.42017189]
[-0.384292]
[-0.43168153]
[ 0.43680707]
[ 0.38097734]
[ 0.41285119]
[ 0.44948689]
[ 0.32987924]
[ 0.40537225]
[ 0.52764006]
[ 0.37078419]
[-0.41342676]
[ 0.50205952]
[-0.4708278]
[ 0.47086963]
[ 0.41684867]
[ 0.39279522]
[ 0.41046975]
[-0.37277745]
[-0.35946653]
[-0.41001804]
[-0.35940455]
[ 0.41228998]
[-0.43909129]
[ 0.52206124]
[ 0.4556903]
[-0.45712187]
[-0.4334453]
[ 0.41548949]
[ 0.4902805]
[ 0.56400673]
[ 0.40559951]
[ 0.41906887]
[ 0.38883315]
[-0.38398394]
[ 0.43102876]
[-0.29886956]
[ 0.39821795]
[-0.52541552]
[-0.39183892]
[-0.38096288]
[-0.38800249]
[-0.38609996]
[ 0.46845141]
[-0.49447535]
[ 0.46903421]
[-0.47816963]
[ 0.43731782]
[ 0.4299472]
[ 0.37989535]
[-0.3716443]
[ 0.50754223]
[-0.472207]
[-0.31766602]
[-0.42048081]
[ 0.45711143]
[-0.42504017]
[ 0.33900465]
[-0.40189566]
[-0.47917298]
[-0.24610853]
[ 0.43098907]
[-0.46024746]
[-0.31226135]
[-0.35313861]
[ 0.43692683]
[-0.41524747]
[-0.4911779]
[-0.43570377]
[ 0.53040925]
[-0.40032974]
[ 0.49663163]
[-0.44461098]
[ 0.41240796]
[-0.45618369]
[-0.40128227]
[ 0.51864637]
[-0.43383429]
[ 0.50968196]
[-0.37370935]
[-0.4033363]
[-0.4873735]
[ 0.38033988]
[ 0.40438571]
[-0.46027471]
[-0.45736803]
[ 0.44566295]
[-0.43491665]
[ 0.46824368]
[ 0.5187783]
[-0.47610323]
[-0.4614899]
[-0.42727987]
[ 0.45145481]
[ 0.43349647]
[-0.41363816]
[-0.39500547]
[ 0.48818398]
[ 0.40514375]
[ 0.41056749]
[ 0.48142976]
[-0.40797403]
[-0.38797239]
[ 0.48631156]
[-0.53895975]
[ 0.45765019]
[-0.44574202]
[-0.4009623]
[-0.40316093]
[ 0.50860991]
[-0.40429151]
[ 0.40986602]
[-0.40368073]
[ 0.42756558]
[-0.37349494]
[-0.31230943]
[-0.34088394]
[ 0.37115808]
[-0.43332331]
[ 0.47539221]
[-0.44970507]
[ 0.46633565]
[-0.42565272]
[-0.36361345]
[-0.43709892]
[-0.49900301]
[ 0.40801475]
[ 0.42005656]
[ 0.53624472]
[-0.37848986]
[-0.40734812]
[-0.46025304]
[-0.37052414]
[ 0.34479671]
[-0.39036412]
[ 0.32984444]
[ 0.37612696]
[ 0.40550201]
[-0.31108598]
[ 0.50018103]
[-0.41605244]
[ 0.46606769]
[ 0.44062796]
[-0.38378635]
[ 0.45945175]
[ 0.43618773]
[ 0.39094837]
[ 0.43632035]
[-0.3755237]
[ 0.37357673]
[ 0.41476593]
[ 0.48995106]
[-0.34279504]
[-0.39242605]
[ 0.49464279]
[ 0.42984424]
[-0.31655015]
[-0.48053673]
[ 0.39025883]
[-0.45899392]
[-0.4104178]
[ 0.44335131]
[-0.45576477]
[ 0.39370742]
[ 0.526802]
[-0.5115907]
[ 0.37824498]
[ 0.41461609]
[-0.35617687]
[ 0.42907303]
[ 0.46123029]
[ 0.5007189]
[ 0.44805064]
[-0.51060292]
[ 0.39445613]
[-0.3596656]
[ 0.50324235]
[ 0.36823005]
[ 0.47298587]
[ 0.44629393]
[ 0.43411334]
[ 0.45129382]
[ 0.45422231]
[ 0.50887154]
[ 0.42430719]
[-0.43854484]
[ 0.42469378]
[ 0.45753672]
[-0.46464619]
[-0.37895936]
[ 0.48115666]
[-0.42158715]
[ 0.50265839]
[-0.50470341]
[-0.38000704]
[-0.41422911]
[ 0.43642261]
[-0.449705]
[ 0.44707854]
[ 0.402004]
[ 0.53646742]
[ 0.47395458]
[ 0.42500024]
[-0.44567959]
[ 0.33376817]
[ 0.47068433]
[ 0.42228697]
[-0.41137949]
[-0.5105535]
[ 0.51551005]
[ 0.51286194]
[ 0.425267]
[ 0.42564711]
[-0.46549954]
[-0.40536966]
[-0.45600418]
[-0.39084396]
[ 0.39657929]
[ 0.4713689]
[-0.44271793]
[ 0.44398386]
[-0.44137544]
[-0.38911115]
[-0.44588782]
[-0.41903381]
[-0.3562463]
[ 0.45684167]
[-0.41371264]
[ 0.48783307]
[ 0.43848656]
[ 0.33086432]
[ 0.46381091]
[ 0.4706083]
[ 0.40581985]
[-0.3902838]
[-0.38727731]
[ 0.38265107]
[ 0.40742711]
[-0.32193589]
[-0.3617387]
[ 0.3975121]
[-0.41460718]
[-0.48015476]
[ 0.48261368]
[ 0.4328401]
[-0.36697294]
[ 0.46530445]
[-0.41340912]
[ 0.46966519]
[-0.41064947]
[-0.37569937]
[ 0.45108761]
[ 0.47245221]
[-0.47141801]
[ 0.36852687]
[-0.39326153]
[ 0.43484719]
[ 0.50172697]
[ 0.54465881]
[-0.37433731]
[ 0.44553677]
[-0.46307055]
[ 0.49282732]
[ 0.37085727]
[-0.42057356]
[ 0.46919422]
[ 0.46891306]
[ 0.53816811]
[ 0.38921801]
[-0.42958548]
[ 0.38584631]
[-0.43375103]
[ 0.39790769]
[-0.35984944]
[ 0.49861367]
[-0.41463097]
[ 0.50574275]
[ 0.42520887]
[ 0.38295956]
[ 0.39743908]
[ 0.50584014]
[-0.44469923]
[-0.42027723]
[ 0.43149793]
[-0.44938406]
[-0.47993512]
[ 0.42292643]
[ 0.5260923]
[ 0.51924974]
[-0.38600137]
[ 0.45054404]
[ 0.48206925]
[-0.35701479]
[ 0.49585416]
[-0.33212309]
[-0.31107762]
[ 0.41742057]
[ 0.49442432]
[-0.42209179]
[ 0.43887817]
[ 0.43052092]
[-0.49174693]
[ 0.42069029]
[ 0.50102813]
[ 0.46267524]
[ 0.46431348]
[-0.47789406]
[-0.48062938]
[-0.46576935]
[ 0.46873519]
[ 0.45850565]
[ 0.38725802]
[-0.38706454]
[ 0.40198506]
[ 0.36234882]
[ 0.40799603]
[ 0.49669773]
[-0.37315503]
[-0.44224569]
[ 0.47122824]
[ 0.50777444]
[-0.43779768]
[-0.3981424]
[-0.39347699]
[-0.46636084]
[-0.31722887]
[-0.38651482]
[-0.46360066]
[-0.32704906]
[ 0.36699764]
[ 0.41272334]
[-0.36861958]
[ 0.37038359]
[-0.42248081]
[-0.37123861]
[ 0.43009966]
[-0.5041723]
[-0.42713118]
[ 0.47239709]
[ 0.42786806]
[ 0.36739712]
[ 0.3587812]
[ 0.49235742]
[ 0.48241502]
[ 0.40804593]
[ 0.4391545]
[-0.36649713]
[ 0.48114396]
[-0.41858829]
[ 0.36890463]
[-0.44401035]
[ 0.4342984]
[ 0.39951091]
[ 0.44203717]
[ 0.42006327]
[-0.39954836]
[ 0.46721135]
[-0.39829783]
[ 0.41719604]
[-0.34575961]
[-0.4711011]
[ 0.43505816]
[-0.37228997]
[-0.43956914]
[-0.33563162]
[ 0.5156953]
[-0.36555182]
[-0.38330025]
[-0.43257921]
[-0.42691093]
[ 0.40608557]
[-0.34817237]
[-0.40899607]
[ 0.52126389]
[ 0.42759249]
[ 0.48374584]
[ 0.40055352]
[ 0.44111373]
[-0.36898736]
[-0.37257842]
[ 0.52182234]
[ 0.51660863]
[ 0.40639536]
[-0.45309747]
[-0.36980703]
[-0.38327583]
[ 0.49769343]
[ 0.40394525]
[ 0.46175435]
[ 0.36060223]
[ 0.46090859]
[-0.39839726]
[ 0.35103935]
[ 0.63984272]
[-0.49228835]
[ 0.45770839]
[ 0.49321462]
[-0.36587988]
[ 0.51916684]
[ 0.37369885]
[ 0.4551129]
[ 0.47949712]
[-0.39240393]
[ 0.4886812]
[ 0.4764848]
[-0.47100026]
[-0.43979874]
[-0.40646363]
[ 0.50697717]
[-0.46089887]
[ 0.48411133]
[ 0.52023134]
[ 0.44074546]
[-0.48134818]
[-0.38737844]
[ 0.43074854]
[-0.43634436]
[ 0.45672051]
[ 0.44975727]
[-0.46336362]
[-0.42408404]
[-0.4593314]
[-0.42250137]
[ 0.40461207]
[ 0.36225032]
[ 0.47633485]
[ 0.41579138]
[ 0.55217524]
[ 0.3723704]
[ 0.47698251]
[ 0.40982012]
[-0.37044212]
[ 0.45507731]
[ 0.36936726]
[-0.40129363]
[-0.35135042]
[ 0.41566808]
[-0.38578952]
[ 0.53439931]
[ 0.39622957]
[-0.3930318]
[-0.40261504]
[-0.42485061]
[ 0.35250423]
[-0.39578411]
[-0.43513995]
[-0.40700215]
[ 0.46403718]
[ 0.56254281]
[ 0.57185268]
[ 0.5311648]
[-0.38496125]
[ 0.42456659]
[-0.44471191]
[-0.44674685]
[ 0.46419735]
[-0.42482329]
[-0.39068685]
[ 0.47908325]
[-0.35538857]
[-0.41677276]
[ 0.45770637]
[ 0.49129366]
[-0.4027328]
[-0.28724971]
[ 0.44088571]
[-0.34310104]
[-0.43786214]
[-0.42656281]
[-0.45869866]
[ 0.4496577]
[-0.47420596]
[-0.36343408]
[ 0.45939211]
[ 0.5222455]
[ 0.39980629]
[-0.3990514]
[-0.53337479]
[-0.4692585]
[ 0.44931599]
[-0.35573483]
[-0.45988221]
[-0.37821697]
[-0.48003236]
[ 0.50096311]
[ 0.47900572]
[ 0.43983421]
[-0.37006467]
[-0.39275301]
[ 0.53657115]
[ 0.39651418]
[-0.32355271]
[-0.3657064]
[ 0.42272089]
[-0.44827328]
[ 0.4492692]
[-0.38444876]
[ 0.42550588]
[ 0.45805104]
[-0.32071995]
[-0.4393605]
[-0.23826379]
[ 0.32427651]
[-0.40444589]
[ 0.49035092]
[ 0.64293882]
[ 0.46782257]
[-0.37802261]
[ 0.40713268]
[ 0.45717341]
[ 0.49403989]
[ 0.44987152]
[-0.3661027]
[-0.40285881]
[-0.4094415]
[-0.49896077]
[-0.53633247]
[ 0.42619872]
[ 0.39882385]
[-0.35436368]
[-0.41857671]
[-0.44322057]
[-0.45273789]
[ 0.4463576]
[ 0.45638959]
[-0.37457117]
[ 0.44240745]
[-0.37782392]
[ 0.46562446]
[ 0.40485553]
[ 0.46353367]
[ 0.44863883]
[-0.38816261]
[ 0.48099566]
[ 0.38482134]
[ 0.50015145]
[ 0.52107108]
[ 0.48134989]
[-0.45755848]
[ 0.46029601]
[ 0.48699146]
[ 0.44197842]
[ 0.41665648]
[-0.43047028]
[ 0.34294179]
[ 0.51348166]
[-0.35911557]
[ 0.49210187]
[-0.44415486]
[-0.39673949]
[ 0.51118818]
[ 0.49067466]
[ 0.42343581]
[-0.41050649]
[-0.38785936]
[-0.43185422]
[-0.45766199]
[-0.39391082]
[ 0.43705606]
[ 0.52592895]
[-0.36712221]
[ 0.39856834]
[-0.45636089]
[-0.38688136]
[ 0.39342399]
[ 0.48500375]
[-0.28208052]
[-0.32757993]
[ 0.37426468]
[ 0.4200952]
[-0.35050402]
[-0.38274949]
[-0.39762476]
[ 0.40232222]
[ 0.41956093]
[-0.34985937]
[ 0.46731625]
[-0.46484924]
[ 0.42073147]
[ 0.42483783]
[-0.37518695]
[-0.45028528]
[-0.32554733]
[-0.4458513]
[ 0.48844178]
[-0.33726258]
[-0.46548266]
[-0.3524865]
[ 0.38843342]
[ 0.40350188]
[-0.45244741]
[ 0.47033523]
[ 0.36199872]
[-0.37457]
[-0.40420817]
[ 0.44109844]
[-0.36087627]
[ 0.41933746]
[ 0.44689832]
[ 0.500138]
[ 0.37161864]
[-0.37966412]
[-0.46388597]
[-0.46722525]
[-0.43545142]
[ 0.53682531]
[ 0.55244836]
[ 0.4831217]
[-0.39276547]
[-0.47022811]
[-0.39328578]
[ 0.39835168]
[-0.3989384]
[-0.37812863]
[ 0.3625593]
[ 0.50322617]
[-0.49568987]
[ 0.30312313]
[ 0.35241108]
[-0.42519122]
[ 0.39889438]
[ 0.48126529]
[-0.41877462]
[-0.35383916]
[-0.52484658]
[ 0.46341973]
[ 0.44447502]
[-0.4347785]
[ 0.45391736]
[ 0.36725799]
[ 0.4823746]
[ 0.42562638]
[ 0.54214881]
[ 0.45207619]
[-0.40548271]
[ 0.43365256]
[ 0.4397479]
[ 0.34127621]
[-0.34648356]
[-0.41363924]
[-0.45766201]
[ 0.44834049]
[-0.42444652]
[-0.38572098]
[-0.41116627]
[-0.32146934]
[-0.3555672]
[ 0.37340893]
[ 0.47344628]
[ 0.4656172]
[ 0.42338572]
[-0.41206007]
[-0.48168655]
[-0.38878846]
[-0.3749193]
[ 0.3746501]
[ 0.55576837]
[-0.44348198]
[-0.43634892]
[ 0.35944387]
[-0.40917446]
[ 0.42488037]
[-0.46892161]
[ 0.38090376]
[ 0.37591891]
[ 0.50282853]
[ 0.47069373]
[-0.32368521]
[-0.40893839]
[ 0.41765504]
[-0.41693702]
[-0.37804873]
[ 0.48593719]
[-0.41370516]
[ 0.3940053]
[ 0.3930155]
[-0.45966608]
[ 0.43783486]
[-0.43679197]
[-0.44794212]
[ 0.35340831]
[-0.41634129]
[-0.42403826]
[ 0.41457916]
[-0.4962461]
[-0.33024594]
[ 0.37884194]
[-0.39412427]
[-0.51172898]
[ 0.432287]
[ 0.57840844]
[ 0.46718455]
[-0.35959363]
[ 0.3869141]
[-0.39974169]
[-0.38891347]
[ 0.52778179]
[-0.45069903]
[-0.43056262]
[-0.38893548]
[ 0.46248311]
[ 0.4987623]
[-0.37218424]
[-0.37465893]
[-0.4478503]
[ 0.34464893]
[ 0.47948902]
[-0.40276429]
[ 0.44359366]
[ 0.45668474]
[-0.39559143]
[-0.41442822]
[-0.42537805]
[-0.41081774]
[-0.273315]
[-0.45219375]
[ 0.45521417]
[ 0.36913328]
[-0.35452603]
[ 0.40414091]
[ 0.45329889]
[-0.42153216]
[ 0.46010782]
[-0.44634878]
[ 0.39951753]
[-0.3419441]
[ 0.39821714]
[ 0.35217085]
[-0.46156835]
[-0.40028772]
[ 0.41503938]
[ 0.44139382]
[-0.4544503]
[-0.32516451]
[ 0.37134757]
[ 0.46131036]
[ 0.40272015]
[ 0.44069123]
[ 0.46048874]
[ 0.35787237]
[-0.42602892]
[ 0.36673098]
[ 0.54480751]
[-0.37874906]
[-0.38133924]
[ 0.4807589]
[-0.39152921]
[ 0.38535599]
[ 0.36386249]
[ 0.40652452]
[ 0.38433239]
[ 0.45327868]
[-0.39181066]
[ 0.55341745]
[-0.36077087]
[ 0.48746363]
[-0.48252305]
[-0.44739072]
[-0.4540303]
[-0.33081631]
[ 0.46454958]
[ 0.44185547]
[-0.36939935]
[ 0.45580583]
[ 0.43953721]
[ 0.28478203]
[ 0.45154332]
[ 0.49711871]
[ 0.49058146]
[ 0.36270812]
[-0.38159822]
[ 0.47146141]
[-0.51571885]
[ 0.40708922]
[ 0.39340385]
[ 0.50418486]
[ 0.43652772]
[ 0.30202522]
[-0.3979732]
[ 0.50634315]
[-0.37641]
[ 0.51329114]
[ 0.44431671]
[ 0.4665458]
[ 0.4437548]
[ 0.37561248]
[-0.40023356]
[ 0.44976764]
[ 0.360929]
[ 0.34278376]
[ 0.43114921]
[-0.53641953]
[ 0.42600335]
[ 0.47377907]
[ 0.378399]
[ 0.36013533]
[-0.42600524]
[-0.39612151]
[ 0.3640477]
[-0.36160623]
[ 0.49570275]
[-0.40309932]
[ 0.4575756]
[-0.45112014]
[ 0.49367522]
[-0.45832364]
[-0.40995991]
[-0.35287838]
[ 0.45589736]
[-0.49366112]
[ 0.4522283]
[ 0.5191252]
[-0.35705746]
[-0.35458567]
[ 0.50372942]
[-0.33574863]
[ 0.41607997]
[ 0.57323069]
[ 0.47002239]
[ 0.291119]
[-0.39592243]
[ 0.45078287]
[ 0.42102406]
[-0.47618425]
[ 0.49403768]
[-0.39723746]
[ 0.43868615]
[-0.42527012]
[-0.4803716]
[ 0.39566076]
[-0.40884366]
[-0.43637169]
[-0.38661828]
[ 0.4635772]
[-0.50370781]
[-0.55250593]
[-0.49243077]
[ 0.44360436]
[-0.42126177]
[-0.34428506]
[ 0.35682545]
[-0.47001399]
[-0.38165568]
[ 0.4959295]
[-0.40033576]
[ 0.42883533]
[-0.40153003]
[-0.60556017]
[-0.41492844]
[ 0.48839944]
[-0.4075976]
[-0.34667578]
[-0.37242938]
[ 0.44890016]
[ 0.40320731]
[-0.45233868]
[ 0.54190158]
[ 0.40199132]
[ 0.41553105]
[ 0.38633993]
[-0.39950831]
[ 0.4304678]
[-0.43285886]
[-0.40361253]
[-0.39431444]
[-0.39513176]
[-0.49839664]
[ 0.47851643]
[-0.40176291]
[-0.38263738]
[ 0.38651844]
[ 0.46697695]
[-0.36890387]
[-0.39684158]
[-0.38398335]
[ 0.42504685]
[-0.48313084]
[-0.45360868]
[-0.43910359]
[ 0.39641374]
[ 0.52964716]
[-0.31937887]
[-0.44777222]
[ 0.41986169]
[ 0.45509284]
[-0.44883224]
[ 0.46543631]
[-0.36838425]
[-0.39954612]
[-0.38467585]
[-0.35763684]
[-0.47117953]
[-0.41025084]
[-0.41921168]
[-0.38700156]
[-0.46224207]
[-0.41409152]
[ 0.51244885]
[ 0.39511597]
[-0.34638268]
[ 0.4586549]
[-0.41391889]
[-0.46726708]
[-0.41829811]
[ 0.34737105]
[ 0.44797124]
[ 0.45931566]
[-0.34182367]
[-0.42620352]
[-0.44120293]
[-0.44392725]
[ 0.40440348]
[ 0.55840879]
[-0.40077148]
[ 0.48423977]
[-0.31519395]
[ 0.52945341]
[ 0.47735227]
[-0.41102302]
[-0.38549478]
[-0.44296391]
[-0.33163765]
[-0.4040756]
[-0.36439931]
[ 0.46831584]
[ 0.55239233]
[-0.33762148]
[-0.47483012]
[-0.37182937]
[-0.45991775]
[-0.41456392]
[ 0.41765344]
[ 0.47985657]
[-0.36071359]
[-0.44588449]
[-0.45242359]
[-0.45132214]
[ 0.45082748]
[-0.53978776]
[ 0.50937027]
[ 0.4690328]
[-0.41666964]
[ 0.48579425]
[ 0.47313443]
[-0.40229225]
[-0.3496258]
[ 0.50114998]
[-0.52752126]
[ 0.41500132]
[ 0.46510111]
[-0.40026135]
[ 0.47459872]
[-0.39839227]
[-0.37839248]
[ 0.43385823]
[-0.44885506]
[-0.51090892]
[ 0.39037379]
[-0.43550538]
[-0.54774736]
[ 0.4262227]
[-0.43265814]
[-0.34309507]
[ 0.52089348]
[ 0.46653933]
[ 0.41040157]
[-0.39110016]
[ 0.42619675]
[-0.30628016]
[-0.38225067]
[ 0.36860649]
[ 0.50662574]
[ 0.42393075]
[ 0.39067026]
[ 0.53067661]
[ 0.48629933]
[-0.45401702]
[ 0.4296858]
[ 0.47927625]
[ 0.46747451]
[-0.45226655]
[ 0.44782164]
[-0.39826746]
[-0.4487592]
[-0.42157995]
[ 0.32447819]
[ 0.53200742]
[ 0.42239801]
[-0.40556697]
[ 0.40259382]
[ 0.47566884]
[ 0.34248194]
[ 0.47008605]
[-0.37105046]
[ 0.43987164]
[ 0.42569811]
[ 0.42647083]
[ 0.47449036]
[ 0.42595441]
[-0.42312864]
[ 0.42087495]
[-0.38439162]
[ 0.47775704]
[ 0.42610583]
[ 0.46871399]
[ 0.49391898]
[-0.30425036]
[ 0.42867679]
[-0.41982093]
[ 0.39041548]
[ 0.41695937]
[-0.41544487]
[-0.444653]
[-0.51820713]
[-0.38158786]
[-0.41337166]
[-0.46270472]
[-0.47500556]
[-0.39171842]
[-0.4295785]
[ 0.52955513]
[ 0.40864642]
[ 0.48098985]
[-0.3361963]
[ 0.57220382]
[-0.40837637]
[-0.40982634]
[-0.41982031]
[-0.48279105]
[ 0.36505309]
[-0.43793964]
[-0.42141654]
[-0.41147865]
[-0.42062889]
[-0.4669883]
[-0.34286334]
[-0.4007942]
[ 0.31637855]
[ 0.53666463]
[ 0.48275446]
[-0.41820771]
[-0.3769114]
[ 0.4406499]
[ 0.33558291]
[-0.50572272]
[-0.32064653]
[-0.46798649]
[ 0.45016797]
[ 0.47162341]
[ 0.3852226]
[ 0.35111304]
[ 0.43146878]
[-0.47156051]
[-0.38359382]
[-0.44001615]
[ 0.54064931]
[ 0.28404028]
[ 0.49861048]
[-0.43906885]
[-0.40097908]
[-0.41508368]
[ 0.39005714]
[-0.50584614]
[ 0.4827816]
[-0.43589452]
[ 0.51432983]
[ 0.37148384]
[-0.40070766]
[ 0.45882995]
[-0.33568975]
[-0.47767117]
[-0.3635303]
[ 0.50269677]
[ 0.43160073]
[ 0.52512632]
[ 0.50224951]
[-0.36065938]
[-0.31820723]
[-0.40134039]
[ 0.42858477]
[ 0.48541217]
[-0.41854456]
[-0.5196086]
[ 0.45376207]
[ 0.49179712]
[-0.41064549]
[ 0.46818617]
[ 0.49558342]
[ 0.47277444]
[-0.45356978]
[ 0.53493447]
[-0.42795616]
[ 0.53431615]
[ 0.45649789]
[ 0.48563835]
[ 0.43812787]
[ 0.47548943]
[-0.39759132]
[-0.38152515]
[-0.48628619]
[-0.4411411]
[ 0.41043931]
[ 0.58482965]
[-0.36970234]
[-0.38127939]
[ 0.42159987]
[-0.44489247]
[ 0.42013174]
[ 0.40250012]
[ 0.48488533]
[-0.40753373]
[-0.50099392]
[-0.40780289]
[ 0.44210528]
[ 0.57722295]
[-0.46285393]
[ 0.49552524]
[ 0.47385325]
[-0.37062986]
[-0.45443148]
[ 0.42015078]
[ 0.34039071]
[-0.34259825]
[-0.38688309]
[ 0.31156625]
[-0.37950366]
[-0.42568668]
[-0.42838066]
[ 0.46075368]
[-0.44856057]
[ 0.47095235]
[ 0.44352697]
[ 0.53940713]
[ 0.41750866]
[ 0.36874462]
[ 0.53157093]
[-0.39565516]
[-0.5719442]
[-0.3318819]
[-0.47245348]
[ 0.37140825]
[ 0.40538399]
[ 0.48035225]
[-0.34964474]
[ 0.44713606]
[-0.45485285]
[-0.3767578]
[-0.39137295]
[-0.31982282]
[-0.44091762]
[ 0.47835972]
[-0.36367567]
[-0.49392143]
[ 0.40014877]
[-0.38854514]
[ 0.44546544]
[ 0.44713155]
[-0.32465153]
[-0.40750913]
[-0.34979313]
[-0.4677165]
[ 0.34843344]
[-0.42423377]
[-0.48059356]
[ 0.46620527]
[ 0.42148933]
[-0.44233328]
[-0.51297482]
[-0.35555594]
[ 0.38273316]
[ 0.50077443]
[ 0.43077771]
[ 0.46197702]
[-0.33169744]
[-0.46835495]
[-0.40872551]
[-0.42876189]
[ 0.43791994]
[-0.35591438]
[-0.47642868]
[-0.50459282]
[-0.45596826]
[-0.44141398]
[ 0.45237221]
[ 0.40429423]
[-0.3798143]
[-0.38037873]
[-0.46775593]
[-0.35520947]
[ 0.47577081]
[-0.38170862]
[-0.39027824]
[-0.44600642]
[ 0.44409853]
[-0.43565853]
[ 0.44629887]
[ 0.40603381]
[ 0.3599782]
[ 0.43320742]
[-0.47544089]
[-0.50317147]
[ 0.42807247]
[ 0.38614585]
[ 0.4174032]
[-0.39699944]
[ 0.48955177]
[-0.3666955]
[ 0.49834582]
[ 0.38814585]
[ 0.45990978]
[-0.42617422]
[-0.37377967]
[ 0.38258931]
[ 0.45924939]
[ 0.48277255]
[-0.36130805]
[-0.37617642]
[ 0.51240633]
[ 0.43037707]
[-0.37000509]
[-0.29562272]
[-0.36089354]
[-0.40394119]
[-0.51045432]
[ 0.43939864]
[-0.43006526]
[-0.36541874]
[ 0.43426654]
[ 0.52711267]
[ 0.37428737]
[ 0.44478916]
[ 0.37692508]
[-0.31141226]
[ 0.49414701]
[-0.45950637]
[ 0.43482734]
[ 0.45152024]
[ 0.45015816]
[-0.39750799]
[ 0.50840178]
[-0.4531133]
[-0.50242606]
[ 0.45201706]
[-0.41623656]
[-0.30560551]
[ 0.47022849]
[ 0.48093305]
[ 0.42126682]
[ 0.49844116]
[ 0.52461064]
[ 0.49446698]
[ 0.44566188]
[ 0.40529407]
[-0.43884166]
[-0.43415408]
[ 0.46485262]
[ 0.54746941]
[ 0.47964822]
[-0.42673464]
[-0.41142687]
[-0.30094042]
[-0.37769073]
[-0.48904123]
[ 0.48042905]
[-0.48910356]
[-0.29490293]
[-0.45285669]
[ 0.41898544]
[-0.42880645]
[-0.48046998]
[-0.45699022]
[-0.5225621]
[-0.47290329]
[-0.45155889]
[ 0.50213177]
[ 0.4943983]
[-0.38219101]
[-0.45468956]
[ 0.38596319]
[-0.41540796]
[-0.39310792]
[ 0.61090612]
[-0.34067986]
[-0.40784729]
[ 0.48858893]
[-0.4038244]
[-0.491267]
[-0.41997891]
[ 0.45851051]
[ 0.43189296]
[ 0.50351795]
[-0.35892358]
[ 0.33534952]
[ 0.43563279]
[ 0.4756255]
[-0.36297465]
[ 0.42604926]
[ 0.55917547]
[-0.43249291]
[ 0.37805918]
[ 0.44268309]
[ 0.339045]
[-0.46525276]
[ 0.3426019]
[ 0.28692223]
[ 0.4734192]
[ 0.45512898]
[ 0.4578803]
[ 0.34390194]
[-0.30996498]
[ 0.52074332]
[ 0.49008996]
[ 0.42445652]
[-0.38726331]
[ 0.46953464]
[-0.41862141]
[-0.43397266]
[ 0.39743121]
[-0.3555057]
[-0.4113797]
[ 0.40931292]
[ 0.45304225]
[ 0.43677908]
[ 0.47852287]
[ 0.45001563]
[ 0.38406772]
[ 0.40733382]
[-0.2878664]
[-0.39843277]
[ 0.47504258]
[ 0.29462413]
[-0.41441228]
[-0.31945309]
[ 0.45075417]
[-0.46472165]
[-0.39879191]
[ 0.44260891]
[ 0.45727802]
[-0.30421303]
[ 0.43006993]
[-0.40842549]
[ 0.40606698]
[ 0.38250996]
[-0.36491369]
[-0.41044997]
[-0.39106138]
[ 0.30999755]
[-0.39783313]
[ 0.47704309]
[-0.49596051]
[ 0.35950663]
[ 0.46151178]
[ 0.54926233]
[ 0.41118387]
[ 0.58417247]
[ 0.34246879]
[ 0.52374146]
[-0.44053151]
[ 0.5042313]
[-0.50181726]
[ 0.46964656]
[-0.50355961]
[-0.44328672]
[ 0.47673846]
[ 0.36679503]
[-0.37556019]
[ 0.43974049]
[ 0.39292829]
[-0.45675671]
[-0.38926336]
[-0.36579723]
[-0.55641756]
[-0.34194782]
[ 0.32786753]
[ 0.497289]
[ 0.47352995]
[ 0.48896002]
[-0.5117267]
[ 0.38966828]
[-0.4964245]
[-0.37565783]
[-0.43824691]
[ 0.39050615]
[-0.45127014]
[-0.50028374]
[-0.39695989]
[ 0.44687823]
[-0.38834013]
[-0.38798132]
[ 0.42061137]
[-0.40673744]
[ 0.37318133]
[-0.43908958]
[-0.358589]
[-0.47279799]
[-0.45757161]
[ 0.51205343]
[ 0.41601493]
[ 0.47225095]
[-0.39443716]
[-0.39266163]
[ 0.40356364]
[-0.32436162]
[ 0.40093614]
[ 0.45033672]
[ 0.54941878]
[-0.44450667]
[ 0.44143816]
[ 0.44289115]
[ 0.43020379]
[-0.47780581]
[-0.46472014]
[-0.43242289]
[-0.43138137]
[ 0.38613027]
[ 0.39733778]
[ 0.40819451]
[-0.38784328]
[-0.35671821]
[-0.44886613]
[-0.40684854]
[-0.37723745]
[-0.43829191]
[ 0.42891257]
[-0.40681822]
[-0.36666684]
[-0.37380836]
[-0.42350332]
[ 0.35229135]
[ 0.53164889]
[-0.41305151]
[ 0.49689249]
[-0.34296584]
[ 0.40793664]
[-0.43783463]
[ 0.55812722]
[-0.43981675]
[-0.39656252]
[-0.4110589]
[ 0.40068719]
[ 0.4899332]
[-0.36987809]
[-0.44756512]
[ 0.49760342]
[ 0.50177386]
[-0.46327391]
[-0.51640917]
[ 0.3922367]
[-0.35886396]
[ 0.37614506]
[ 0.37178663]
[-0.40291104]
[ 0.47172669]
[-0.34023584]
[-0.45020888]
[ 0.43130033]
[ 0.43160879]
[-0.44070307]
[-0.42238917]
[ 0.39118843]
[ 0.46590549]
[-0.4244548]
[ 0.45643435]
[-0.30550847]
[-0.55718388]
[-0.46695219]
[ 0.51668534]
[-0.35130332]
[-0.30055425]
[ 0.36153026]
[-0.52853671]
[-0.36860076]
[-0.46786379]
[-0.49962419]
[-0.41189367]
[ 0.47114973]
[ 0.44561309]
[ 0.37084705]
[-0.42341921]
[ 0.46080976]
[ 0.40276367]
[ 0.43993294]
[ 0.54595459]
[-0.35411821]
[-0.37543357]
[-0.45819358]
[ 0.48989682]
[-0.3982179]
[ 0.49725481]
[-0.41694046]
[-0.45399519]
[ 0.4213021]
[ 0.48134798]
[ 0.40030906]
[-0.49673181]
[-0.4992734]
[ 0.42522167]
[ 0.47669548]
[-0.32138623]
[-0.45433528]
[-0.32194608]
[-0.41421284]
[ 0.38058108]
[-0.37001411]
[-0.4098838]
[ 0.43849266]
[ 0.41758752]
[-0.33563246]
[-0.37247047]
[-0.46906187]
[ 0.36826916]
[ 0.43087736]
[ 0.46390117]
[ 0.37511894]
[ 0.42701882]
[ 0.5102361]
[-0.35893554]
[ 0.43002496]
[-0.44715226]
[ 0.33951352]
[ 0.30468085]
[ 0.47218073]
[-0.43194301]
[ 0.40771528]
[ 0.37553626]
[-0.45814541]
[ 0.4466684]
[ 0.39843415]
[ 0.37791612]
[-0.41077066]
[ 0.53434228]
[ 0.412178]
[ 0.43253026]
[ 0.52728388]
[-0.41787253]
[-0.44525546]
[ 0.44286012]
[ 0.46575021]
[ 0.38421152]
[ 0.48107277]
[ 0.40513041]
[ 0.51813139]
[ 0.43803855]
[-0.40017933]
[-0.41871176]
[-0.43909306]
[ 0.46616592]
[ 0.28696101]
[-0.44174476]
[ 0.39624887]
[-0.46889047]
[-0.33062934]
[ 0.46968244]
[ 0.55862559]
[ 0.47156181]
[-0.3487455]
[-0.38812521]
[-0.34249662]
[-0.3435978]
[ 0.46946326]
[ 0.4646149]
[-0.46089961]
[-0.43140838]
[-0.39067944]
[-0.40992212]
[-0.36062311]
[ 0.51979908]
[-0.48458866]
[ 0.42915739]
[-0.42867939]
[ 0.40101109]
[ 0.39581111]
[-0.47645002]
[ 0.36428895]
[ 0.42111975]
[ 0.44731388]
[ 0.39771102]
[-0.426752]
[-0.38432559]
[-0.40989246]
[-0.44001349]
[-0.41711315]
[ 0.42183062]
[ 0.46292783]
[ 0.43670455]
[ 0.34106646]
[-0.46259327]
[ 0.39752016]
[-0.43433762]
[-0.36997209]
[ 0.45049536]
[ 0.34526744]
[-0.42633424]
[-0.34384172]
[ 0.48185531]
[ 0.5700471]
[ 0.46648643]
[-0.42378845]
[ 0.47811523]
[ 0.42521245]
[ 0.43265247]
[ 0.52406389]
[-0.45607458]
[-0.3759897]
[-0.40623373]
[ 0.42541877]
[ 0.50612582]
[-0.43256381]
[ 0.34586752]
[ 0.5198266]
[-0.40578552]
[-0.32818969]
[ 0.52860091]
[ 0.35494651]
[ 0.41735169]
[ 0.42394056]
[ 0.59200284]
[ 0.34254641]
[-0.42811291]
[ 0.41338564]
[-0.45390212]
[-0.449787]
[ 0.47306854]
[ 0.50390815]
[-0.50673889]
[-0.3699063]
[-0.41719835]
[ 0.54258055]
[ 0.42218386]
[-0.43309202]
[-0.46673911]
[-0.46117205]
[ 0.36092506]
[-0.43992004]
[-0.34779108]
[ 0.54701598]
[ 0.44913496]
[ 0.50925547]
[ 0.44265533]
[-0.48720083]
[-0.43412144]
[ 0.42074814]
[-0.41814312]
[ 0.38936375]
[ 0.42443629]
[ 0.45316509]
[-0.39719905]
[ 0.45969453]
[ 0.51054858]
[-0.45965511]
[ 0.42304722]
[-0.37900875]
[-0.46381047]
[ 0.49010078]
[-0.40190994]
[ 0.42855317]
[ 0.38064034]
[-0.48732832]
[ 0.45270914]
[ 0.39168753]
[-0.50073964]
[ 0.44162372]
[-0.43296262]
[ 0.41015609]
[ 0.47300073]
[ 0.47842786]
[-0.4048976]
[ 0.44777066]
[ 0.30640776]
[-0.44643365]
[ 0.44806271]
[-0.45050528]
[ 0.42091888]
[ 0.46201816]
[-0.42127074]
[-0.36628103]
[-0.48702161]
[-0.44072996]
[-0.36908213]
[-0.37312871]
[ 0.41070972]
[-0.3351563]
[ 0.38414521]
[-0.47689405]
[ 0.4247773]
[-0.43482973]
[-0.51176983]
[ 0.56232599]
[-0.42140797]
[ 0.5214015]
[-0.50165602]
[-0.33902974]
[ 0.49574621]
[-0.44475331]
[-0.44175273]
[-0.45631439]
[ 0.48639567]
[-0.43429434]
[-0.46761186]
[ 0.47088403]
[ 0.42113144]
[-0.4481644]
[ 0.53899991]
[ 0.45682204]
[ 0.56538129]
[-0.44988235]
[ 0.42442282]
[ 0.45926026]
[-0.4361015]
[ 0.42973468]
[-0.44051223]
[ 0.35772243]
[ 0.46244033]
[ 0.50296111]
[ 0.46597717]
[-0.48865787]
[-0.4431341]
[-0.38747636]
[-0.54525064]
[-0.37970947]
[-0.37134494]
[ 0.35747221]
[ 0.45226131]
[ 0.42823582]
[-0.43124496]
[ 0.39139437]
[-0.4385242]
[-0.36700045]
[-0.41710385]
[ 0.41830295]
[ 0.47055128]
[ 0.4504818]
[-0.32790271]
[-0.37082109]
[ 0.46454567]
[-0.42568711]
[ 0.45479764]
[ 0.39845103]
[-0.37389981]
[-0.38554722]
[-0.3322543]
[-0.43633429]
[ 0.44121543]
[ 0.42478359]
[ 0.48424584]
[-0.37211296]
[ 0.46875387]
[ 0.5175029]
[ 0.33243511]
[-0.4216854]
[-0.5319872]
[-0.38277826]
[ 0.45422539]
[ 0.49718683]
[ 0.44226006]
[ 0.43134435]
[ 0.43234171]
[-0.39099048]
[ 0.36831156]
[-0.4800942]
[ 0.49009311]
[ 0.31475073]
[-0.39874422]
[-0.45476596]
[-0.39830442]
[-0.44730985]
[ 0.32809712]
[ 0.43511703]
[-0.42607015]
[-0.4797768]
[ 0.40096026]
[-0.34525679]
[ 0.39304484]
[ 0.38597155]
[-0.34663885]
[ 0.46019496]
[-0.43659394]
[-0.35697996]
[-0.41998013]
[-0.31992222]
[ 0.39885667]
[-0.39161342]
[ 0.44747657]
[ 0.41895073]
[-0.448827]
[ 0.49685818]
[ 0.41042203]
[-0.3793472]
[-0.4673868]
[-0.33638368]
[-0.48805404]
[ 0.37483858]
[ 0.47921523]
[-0.45333657]
[-0.44307257]
[-0.43759647]
[-0.38935432]
[ 0.4308911]
[-0.42807823]
[ 0.43631692]
[ 0.45111339]
[ 0.39061275]
[ 0.35461306]
[-0.45091403]
[ 0.33265455]
[-0.44815987]
[ 0.52858399]
[-0.42031248]
[-0.40992908]
[ 0.43251958]
[-0.45308039]
[-0.41103751]
[-0.39765648]
[-0.42365338]
[-0.41540261]
[-0.43864721]
[-0.37411815]
[ 0.44556636]
[-0.40356684]
[ 0.36696678]
[-0.41253363]
[ 0.49277175]
[ 0.45204606]
[-0.4075108]
[ 0.41398854]
[ 0.39127236]
[-0.39644696]
[ 0.44391289]
[ 0.41011035]
[-0.43136825]
[ 0.50889054]
[ 0.31688525]
[ 0.38886152]
[ 0.4423632]
[ 0.46367116]
[ 0.3520916]
[ 0.43570683]
[ 0.45972723]
[-0.43019876]
[-0.47180109]
[-0.39163061]
[-0.35635228]
[-0.42306047]
[-0.38733451]
[-0.41717704]
[ 0.4701432]
[-0.4918734]
[-0.42234271]
[-0.39324673]
[ 0.47132467]
[ 0.44571374]
[ 0.50157252]
[ 0.43329113]
[ 0.53684703]
[-0.45616676]
[ 0.41862648]
[-0.44664342]
[ 0.49250399]
[ 0.39774472]
[ 0.34182473]
[ 0.36028646]
[-0.39100031]
[ 0.43668429]
[ 0.44167202]
[ 0.342192]
[-0.4778945]
[-0.39868069]
[ 0.43029185]
[-0.50305443]
[ 0.35722034]
[ 0.39760959]
[-0.37490234]
[-0.3205112]
[ 0.4688641]
[ 0.45621207]
[ 0.47305696]
[-0.43242586]
[ 0.44754336]
[ 0.48368099]
[ 0.51855028]
[-0.49477496]
[-0.43182569]
[ 0.43275845]
[-0.40156195]
[ 0.45193095]
[-0.37506286]
[-0.4778341]
[-0.41277572]
[-0.3960327]
[-0.40852909]
[-0.38514043]
[-0.43902616]
[ 0.48223987]
[-0.35606499]
[ 0.44611977]
[-0.43209114]
[ 0.43242298]
[-0.31726419]
[ 0.39348978]
[-0.41422706]
[-0.37297106]
[ 0.43127486]
[ 0.44333769]
[ 0.40686829]
[-0.50508865]
[ 0.38569395]
[ 0.38923592]
[-0.47761865]
[-0.33979027]
[-0.41904051]
[-0.43438758]
[ 0.43288242]
[ 0.46590951]
[-0.39947254]
[ 0.44310109]
[ 0.53904086]
[ 0.42259767]
[-0.39583696]
[ 0.37647369]
[ 0.56830816]
[-0.3707468]
[ 0.44938866]
[-0.47592254]
[ 0.43472332]
[ 0.45391648]
[ 0.43822601]
[-0.43399205]
[ 0.45225865]
[-0.3830872]
[-0.34922328]
[-0.45730986]
[-0.44066598]
[ 0.37574128]
[-0.44142568]
[-0.53936621]
[ 0.4740882]
[ 0.34509542]
[ 0.42544279]
[ 0.48384963]
[-0.39742238]
[ 0.54093432]
[ 0.41099881]
[ 0.43843977]
[ 0.38700849]
[-0.4639992]
[ 0.51526244]
[ 0.33430262]
[ 0.44258691]
[-0.37435378]
[ 0.406744]
[ 0.52117886]
[-0.33963351]
[ 0.43000813]
[-0.5055784]
[ 0.38631981]
[-0.54481272]
[ 0.41854181]
[ 0.35587635]
[-0.34699304]
[ 0.41429259]
[ 0.47862471]
[ 0.46012266]
[ 0.38710545]
[-0.41143527]
[ 0.52076495]
[-0.46744254]
[ 0.46503917]
[ 0.3982623]
[ 0.54864549]
[-0.28371168]
[ 0.48799077]
[ 0.45694485]
[-0.43056234]
[-0.35080862]
[ 0.51023672]
[ 0.31519637]
[-0.42845745]
[-0.39371469]
[-0.51060162]
[ 0.41239769]
[-0.39397388]
[-0.38203663]
[ 0.4686317]
[ 0.47584765]
[-0.36149965]
[ 0.48626234]
[ 0.4014109]
[ 0.41690139]
[ 0.47842741]
[ 0.47232371]
[-0.47370082]
[ 0.34867434]
[-0.39724111]
[-0.33339637]
[-0.40095451]
[-0.41702679]
[ 0.51119174]
[ 0.45159833]
[-0.38245664]
[ 0.46709876]
[-0.45834253]
[-0.47151551]
[-0.35891899]
[-0.38206263]
[ 0.42079699]
[-0.39523556]
[-0.41542037]
[ 0.42627636]
[ 0.35530586]
[-0.35524774]
[-0.39052523]
[-0.42405443]
[-0.41532575]
[-0.3865688]
[ 0.43152292]
[ 0.46312459]
[ 0.48778162]
[ 0.338625]
[ 0.44623489]
[-0.51362914]
[ 0.42698653]
[ 0.3804082]
[-0.32063607]
[-0.4322634]
[ 0.448561]
[ 0.33023046]
[ 0.51017876]
[ 0.43406153]
[-0.32619216]
[-0.4192653]
[ 0.41249886]
[-0.39932625]
[ 0.42571715]
[-0.50395932]
[-0.35968739]
[ 0.48594624]
[ 0.4524078]
[-0.3810741]
[-0.38764134]
[-0.29206719]
[-0.45071516]
[-0.40430106]
[ 0.43222914]
[ 0.43250117]
[-0.41519232]
[-0.47881781]
[-0.47737542]
[ 0.42811997]
[-0.36812479]
[-0.44693025]
[-0.47285398]
[ 0.56510118]
[ 0.42552882]
[-0.38518384]
[ 0.5634407]
[-0.47327046]
[ 0.3183856]
[ 0.44059295]
[ 0.42430994]
[-0.37013408]
[ 0.52082285]
[ 0.4387347]
[ 0.40526835]
[-0.42313822]
[-0.46358538]
[ 0.30718628]
[-0.47172614]
[ 0.41597561]
[-0.34416184]
[-0.45035964]
[ 0.48024375]
[ 0.52626012]
[ 0.43835557]
[ 0.50915665]
[ 0.46870942]
[-0.47614582]
[-0.45148199]
[ 0.38240458]
[-0.47197677]
[ 0.54890915]
[-0.3676318]
[-0.44126164]
[-0.39038166]
[-0.40914013]
[ 0.50237437]
[-0.39991034]
[-0.4415781]
[-0.45527107]
[ 0.42158651]
[-0.47552165]
[ 0.45461072]
[ 0.45780936]
[-0.47248445]
[-0.45448007]
[-0.38632088]
[-0.39551856]
[ 0.43849961]
[ 0.38421783]
[ 0.45946882]
[ 0.49360692]
[ 0.40875641]
[ 0.41157248]
[ 0.38408061]
[ 0.39085812]
[-0.37229921]
[ 0.45261]
[-0.34862503]
[ 0.45375908]
[-0.41352538]
[ 0.56191551]
[-0.37406781]
[-0.57352676]
[ 0.42403438]
[ 0.38948497]
[ 0.34809203]
[ 0.55892455]
[-0.46640499]
[-0.362674]
[-0.45376193]
[ 0.42101184]
[ 0.35398493]
[-0.45528134]
[ 0.45308254]
[ 0.41092877]
[-0.42188744]
[-0.49500073]
[ 0.49522904]
[-0.44759006]
[ 0.39499703]
[-0.48036082]
[-0.4095616]
[-0.36137249]
[ 0.46588824]
[ 0.4270716]
[ 0.52130765]
[ 0.40112721]
[-0.35876462]
[-0.39698598]
[ 0.39934063]
[ 0.40668864]
[ 0.46180377]
[-0.44814339]
[-0.43259822]
[-0.47782289]
[-0.48975826]
[-0.3322753]
[ 0.40837994]
[ 0.507926]
[-0.32353039]
[-0.46475273]
[-0.46287219]
[ 0.44695388]
[-0.51489559]
[ 0.43564801]
[-0.40711075]
[-0.43054494]
[ 0.47719677]
[ 0.44276264]
[-0.38833294]
[ 0.48200039]
[-0.34469641]
[ 0.46005457]
[ 0.48533599]
[-0.38368167]
[ 0.45378257]
[-0.4282153]
[ 0.50686801]
[-0.50433464]
[-0.36873624]
[ 0.48412643]
[ 0.46895773]
[ 0.43009608]
[ 0.37350677]
[-0.44986747]
[ 0.45157517]
[ 0.49033252]
[-0.44389002]
[ 0.45545303]
[ 0.47703022]
[ 0.39200923]
[-0.38386394]
[ 0.36326276]
[-0.45766506]
[-0.33256805]
[ 0.52060958]
[ 0.43295835]
[ 0.46936092]
[-0.41305834]
[ 0.44843339]
[ 0.47753275]
[ 0.42588393]
[-0.40414418]
[-0.39965661]
[ 0.47925024]
[ 0.39898391]
[-0.50021622]
[-0.42146397]
[ 0.47353372]
[ 0.46109109]
[-0.47258296]
[ 0.47504445]
[ 0.42908733]
[ 0.46910548]
[ 0.44898737]
[-0.38267206]
[ 0.48050206]
[-0.40490238]
[ 0.49238333]
[ 0.42431265]
[ 0.44505242]
[-0.32097276]
[-0.47918087]
[ 0.46555766]
[-0.50839808]
[ 0.37809243]
[ 0.44809116]
[ 0.47770467]
[ 0.45615007]
[-0.45168183]
[-0.34846789]
[-0.42754281]
[-0.37169469]
[-0.39204018]
[-0.46291764]
[ 0.42227319]
[-0.3407862]
[-0.37659821]
[-0.38511453]
[ 0.44111597]
[ 0.41736879]
[-0.42049979]
[ 0.365283]
[ 0.36418946]
[ 0.43740806]
[ 0.36336933]
[ 0.40570772]
[-0.4667244]
[-0.47672532]
[-0.46592279]
[ 0.48879461]
[ 0.44790493]
[-0.37523944]
[ 0.50263599]
[-0.39690617]
[-0.3391614]
[ 0.5117834]
[ 0.3890735]
[ 0.44133687]
[-0.45531376]
[ 0.44664604]
[ 0.51451306]
[-0.47024523]
[ 0.34873513]
[-0.42431424]
[ 0.40057978]
[ 0.41159003]
[ 0.45104618]
[-0.51126491]
[-0.37670806]
[-0.41675876]
[ 0.41477257]
[ 0.44995544]
[-0.33426342]
[-0.44377521]
[ 0.35369265]
[ 0.40485536]
[-0.44266686]
[-0.44323613]
[ 0.36730929]
[ 0.36090622]
[-0.39024039]
[-0.45628475]
[-0.41404742]
[-0.46237013]
[-0.46707513]
[-0.49895476]
[ 0.56974793]
[ 0.44600631]
[-0.26815321]
[ 0.36660555]
[-0.50765295]
[ 0.46554856]
[ 0.40511909]
[ 0.47870497]
[ 0.29892475]
[ 0.47311131]
[-0.34918111]
[-0.42045512]
[ 0.4005725]
[-0.50876484]
[ 0.35663568]
[-0.38535645]
[-0.46037769]
[ 0.40934435]
[-0.45563245]
[ 0.39882909]
[ 0.52215903]
[-0.42146579]
[ 0.49908372]
[ 0.40157176]
[ 0.41856307]
[ 0.42697827]
[-0.32822747]
[-0.4337698]
[-0.44282394]
[-0.39423315]
[-0.42777475]
[ 0.48819203]
[ 0.39972601]
[-0.47620168]
[-0.41563548]
[-0.30823601]
[-0.35269761]
[ 0.39780125]
[-0.41522958]
[ 0.45221959]
[ 0.38866118]
[ 0.48950821]
[ 0.47830887]
[ 0.39691245]
[-0.45056765]
[-0.38942632]
[ 0.45471189]
[ 0.48459889]
[-0.34611832]
[-0.39315549]
[ 0.45333751]
[-0.4428366]
[-0.39928874]
[ 0.39625874]
[-0.45140553]
[ 0.4285183]
[-0.42964232]
[ 0.39626391]
[ 0.44144403]
[-0.45192826]
[-0.43435361]
[ 0.49758425]
[-0.45857638]
[-0.49798294]
[ 0.50739974]
[ 0.41684204]
[-0.35408285]
[ 0.39013332]
[ 0.32131507]
[-0.41528394]
[-0.36852467]
[ 0.46992831]
[-0.46219632]
[ 0.49252618]
[-0.37951022]
[-0.44529951]
[-0.40751537]
[ 0.41637146]
[ 0.40595309]
[ 0.34872723]
[-0.40432039]
[-0.41609216]
[-0.45883151]
[ 0.45768722]
[-0.31629208]
[ 0.4343642]
[-0.36924063]
[-0.41891118]
[ 0.45812947]
[ 0.46921439]
[-0.41895072]
[-0.42515096]
[-0.39878846]
[-0.35928663]
[ 0.42259737]
[ 0.43729725]
[ 0.47085019]
[-0.46900878]
[ 0.52552691]
[-0.41299649]
[ 0.35137395]
[-0.43269888]
[-0.46681406]
[ 0.46416541]
[ 0.37013471]
[ 0.46154927]
[-0.49369049]
[-0.44002652]
[ 0.41041765]
[ 0.40046296]
[-0.49807342]
[-0.38911685]
[-0.44987978]
[ 0.38651034]
[-0.23268832]
[ 0.49125372]
[-0.35316436]
[-0.51232159]
[ 0.38291684]
[-0.43931628]
[ 0.4326336]
[-0.36042719]
[-0.50741464]
[ 0.36872877]
[ 0.44575151]
[-0.42494763]
[ 0.48072472]
[-0.29177164]
[ 0.4598896]
[-0.339583]
[-0.38952825]
[-0.37721875]
[-0.45779711]
[ 0.46133566]
[ 0.49120105]
[-0.42830569]
[-0.46706528]
[ 0.44655031]
[ 0.50504239]
[-0.35354482]
[ 0.38935764]
[-0.41057916]
[ 0.34881146]
[ 0.29505716]
[ 0.33359792]
[-0.443919]
[-0.47756134]
[-0.3123073]
[-0.47004725]
[ 0.45844702]
[-0.4508718]
[-0.35773296]
[-0.40978166]
[ 0.40769643]
[ 0.45339676]
[-0.50604676]
[ 0.43921088]
[ 0.51341319]
[ 0.44262145]
[ 0.44268136]
[ 0.43185439]
[-0.40460944]
[ 0.42349527]
[ 0.47030141]
[ 0.42838548]
[ 0.4660009]
[-0.45704271]
[ 0.51390352]
[ 0.44815347]
[-0.39612509]
[ 0.61048874]
[ 0.50925722]
[-0.39749774]
[-0.41729776]
[ 0.46040432]
[-0.39300049]
[-0.32471142]
[-0.40544458]
[-0.38378619]
[ 0.45769237]
[-0.39056311]
[ 0.47190393]
[-0.38625407]
[-0.31719271]
[ 0.39300106]
[-0.50829559]
[ 0.40317248]
[ 0.42204247]
[ 0.53188705]
[-0.50432483]
[-0.47710911]
[ 0.4251336]
[-0.37954831]
[ 0.48458538]
[-0.36597159]
[ 0.39859546]
[-0.47965164]
[-0.43548863]
[ 0.44002668]
[ 0.4711216]
[ 0.43230338]
[-0.35986248]
[ 0.31998227]
[ 0.3659787]
[-0.39601223]
[ 0.45035964]
[-0.42074365]
[-0.43655931]
[-0.38145801]
[ 0.51404233]
[-0.48153375]
[ 0.43195891]
[ 0.44694461]
[-0.33980245]
[-0.39999655]
[-0.43049639]
[ 0.39869408]
[-0.40038268]
[-0.36532751]
[-0.43372988]
[ 0.33140058]
[-0.38769732]
[-0.45386141]
[-0.33648066]
[-0.3628312]
[-0.41362531]
[-0.33517755]
[ 0.40177107]
[ 0.34377386]
[-0.42203332]
[-0.42181354]
[ 0.45894852]
[ 0.48935583]
[ 0.51045775]
[-0.40007091]
[ 0.43480016]
[ 0.40078939]
[-0.3554738]
[-0.43403107]
[-0.49884199]
[ 0.43598872]
[ 0.46849602]
[ 0.42852665]
[ 0.39223356]
[-0.39909827]
[ 0.46574671]
[-0.40199867]
[-0.4396412]
[ 0.49358486]
[-0.44155857]
[ 0.46270472]
[-0.32869862]
[-0.38054827]
[ 0.48711034]
[-0.40649762]
[-0.37596141]
[-0.35191817]
[-0.40173373]
[ 0.40745439]
[ 0.48950945]
[-0.42514129]
[-0.45264671]
[-0.41763438]
[-0.48775847]
[-0.41549973]
[ 0.40484138]
[-0.37271165]
[ 0.48806503]
[ 0.48884135]
[-0.4186269]
[-0.36279324]
[ 0.49789696]
[-0.44493775]
[ 0.40951186]
[-0.35521274]
[ 0.50530446]
[ 0.41303672]
[-0.40065295]
[-0.39501864]
[ 0.41344325]
[ 0.33888071]
[ 0.40236147]
[ 0.40751962]
[-0.44823583]
[-0.47517173]
[ 0.45782472]
[ 0.39948644]
[-0.36509736]
[-0.42600032]
[ 0.47729522]
[-0.50844738]
[-0.37737913]
[-0.47403227]
[ 0.4077675]
[-0.41849578]
[ 0.37226834]
[ 0.42965535]
[-0.41261806]
[-0.42550018]
[-0.42690377]
[-0.36725379]
[-0.41726885]
[ 0.4537284]
[-0.36157273]
[-0.38790499]
[ 0.42925529]
[ 0.50919037]
[-0.3891014]
[ 0.51835979]
[ 0.47647811]
[-0.46820633]
[-0.41037594]
[-0.38519148]
[-0.4786434]
[ 0.42319014]
[-0.37506962]
[-0.49947786]
[ 0.36970622]
[ 0.51718774]
[-0.4037909]
[ 0.51105892]
[-0.46223274]
[ 0.42732514]
[-0.41774128]
[ 0.49221695]
[ 0.52386111]
[-0.48021853]
[-0.40190258]
[ 0.33459797]
[ 0.42495046]
[ 0.38474096]
[-0.50856627]
[ 0.4595629]
[-0.37509519]
[-0.42440399]
[ 0.38361481]
[-0.41673908]
[ 0.44719436]
[-0.40859611]
[-0.34212744]
[-0.36482312]
[-0.40007451]
[ 0.49105709]
[ 0.43758563]
[ 0.39339306]
[-0.54256254]
[ 0.48298088]
[-0.46834426]
[-0.33987797]
[-0.44653368]
[ 0.40129025]
[-0.36989343]
[-0.32427123]
[-0.39908615]
[ 0.436494]
[-0.54423278]
[-0.48126181]
[-0.35798929]
[ 0.29577646]
[-0.41424667]
[ 0.44030225]
[ 0.38687518]
[-0.48694657]
[ 0.53969642]
[-0.51547326]
[ 0.41745208]
[ 0.56287585]
[-0.45426873]
[-0.49728104]
[ 0.39976505]
[ 0.40656614]
[ 0.47101647]
[-0.45695998]
[ 0.35260694]
[ 0.37042052]
[ 0.43716026]
[-0.36889143]
[ 0.39773259]
[-0.42712622]
[ 0.48288123]
[-0.50054163]
[ 0.37975532]
[ 0.39805238]
[ 0.36685556]
[-0.46918382]
[ 0.49828301]
[ 0.45330069]
[-0.39497153]
[ 0.42533395]
[-0.38653728]
[ 0.32574256]
[-0.42533549]
[ 0.47080155]
[ 0.45574398]
[ 0.44256065]
[-0.43493322]
[-0.43357489]
[-0.52518559]
[ 0.3972951]
[-0.41980232]
[-0.40451016]
[-0.3549825]
[-0.33449535]
[-0.39454608]
[-0.35965147]
[ 0.44952834]
[ 0.28744342]
[ 0.4081909]
[ 0.47478155]
[-0.41973723]
[-0.37340196]
[-0.44926246]
[ 0.4865312]
[ 0.45801707]
[-0.49068253]
[-0.40787642]
[ 0.35869953]
[-0.36966908]
[-0.42651297]
[ 0.39283495]
[ 0.4604932]
[-0.38224093]
[ 0.45490898]
[ 0.42195454]
[-0.4677635]
[ 0.57707989]
[-0.44431765]
[-0.4521703]
[-0.40210964]
[ 0.3597024]
[-0.43796494]
[ 0.37369692]
[ 0.49680705]
[-0.37302464]
[ 0.41867159]
[ 0.40429181]
[ 0.42511521]
[-0.3806308]
[-0.36111133]
[ 0.42696474]
[-0.46870841]
[ 0.44921451]
[ 0.45354555]
[ 0.44163886]
[ 0.40993683]
[ 0.34972882]
[-0.3025473]
[-0.46151969]
[ 0.55432029]
[-0.42248239]
[-0.40107122]
[-0.40733019]
[ 0.40564519]
[-0.3599128]
[ 0.41983653]
[-0.48821884]
[ 0.41243473]
[ 0.47960154]
[-0.4553011]
[-0.49919469]
[ 0.44025413]
[-0.44131009]
[ 0.44075258]
[-0.44471752]
[-0.4219205]
[ 0.49633762]
[-0.30874918]
[-0.49164985]
[-0.48990949]
[-0.43070895]
[-0.43921071]
[-0.46375396]
[ 0.37286431]
[-0.43221111]
[ 0.47906248]
[-0.38339206]
[-0.3872964]
[-0.47948927]
[-0.39612626]
[ 0.53778019]
[ 0.39201887]
[-0.4521399]
[-0.42359305]
[-0.50306971]
[ 0.36492125]
[ 0.44935366]
[ 0.45517084]
[ 0.42367007]
[ 0.46091349]
[-0.3682907]
[-0.32927246]
[-0.38843311]
[ 0.40590141]
[-0.44146969]
[-0.39814928]
[-0.40280449]
[-0.36900758]
[-0.47060105]
[-0.42585543]
[-0.51196717]
[-0.37675913]
[-0.46014784]
[ 0.44988429]
[ 0.43947632]
[-0.45368938]
[ 0.45367343]
[ 0.40259295]
[ 0.41454817]
[-0.41340727]
[ 0.58471457]
[-0.51066427]
[-0.38396442]
[-0.40650841]
[-0.41753491]
[ 0.30367234]
[ 0.39928652]
[-0.35674179]
[ 0.49504595]
[-0.42741473]
[ 0.50760087]
[ 0.39025368]
[ 0.47999971]
[-0.44047548]
[ 0.43762769]
[ 0.3827566]
[-0.43668864]
[-0.37604134]
[ 0.39885972]
[ 0.39862008]
[ 0.3233906]
[-0.44225488]
[-0.36002094]
[-0.42608178]
[ 0.51076448]
[ 0.40921939]
[-0.50282895]
[ 0.31711033]
[-0.33936637]
[ 0.37237985]
[-0.41220426]
[ 0.46427138]
[ 0.50772266]
[-0.41072464]
[-0.44390028]
[ 0.55356922]
[-0.41009957]
[-0.43459813]
[-0.44578952]
[-0.43487648]
[ 0.40839605]
[-0.32787394]
[-0.41349727]
[-0.37947162]
[-0.43699506]
[-0.44449241]
[ 0.4054815]
[-0.40135669]
[ 0.39325937]
[ 0.49129166]
[-0.36272401]
[-0.34166904]
[-0.37498933]
[-0.40502799]
[ 0.47906058]
[-0.43942998]
[-0.42606005]
[ 0.52368457]
[-0.37827247]
[-0.39759744]
[ 0.47643687]
[ 0.43342616]
[ 0.30797776]
[-0.35000682]
[ 0.46693529]
[-0.41195603]
[-0.28086415]
[ 0.51644985]
[-0.48794375]
[-0.46659971]
[-0.36087161]
[-0.41204243]
[ 0.49992254]
[-0.44045657]
[ 0.41115155]
[ 0.40547997]
[ 0.3469335]
[-0.35780348]
[-0.42051466]
[-0.37636503]
[ 0.51094031]
[ 0.43079624]
[-0.37230918]
[-0.34622817]
[-0.45264375]
[-0.37469227]
[ 0.43620463]
[ 0.47744601]
[ 0.43707747]
[-0.4731106]
[ 0.40557878]
[-0.45388785]
[ 0.42435802]
[ 0.45413906]
[-0.39817245]
[ 0.48585342]
[-0.47887604]
[ 0.48822799]
[-0.40124176]
[-0.34453024]
[ 0.44392427]
[-0.42918498]
[ 0.48424684]
[ 0.54318284]
[-0.40104783]
[ 0.45070086]
[ 0.52484844]
[ 0.53144335]
[ 0.41099831]
[-0.39576179]
[-0.39434017]
[ 0.47680982]
[ 0.43076327]
[ 0.52127106]
[-0.44460218]
[ 0.43722998]
[-0.50252028]
[-0.34119195]
[-0.44508567]
[ 0.43209034]
[ 0.39090105]
[-0.34015833]
[ 0.4868279]
[-0.3644559]
[-0.39423184]
[ 0.48592292]
[ 0.39130829]
[-0.40443788]
[-0.39719076]
[ 0.45106755]
[-0.39337878]
[ 0.45278845]
[ 0.46269863]
[ 0.5311227]
[-0.4195191]
[-0.45641085]
[ 0.50514507]
[-0.35841467]
[ 0.53685299]
[ 0.40932619]
[-0.4276115]
[-0.45125803]
[-0.46163948]
[ 0.43863046]
[-0.47142621]
[-0.3659271]
[ 0.39618475]
[ 0.44528594]
[ 0.41399251]
[ 0.34510503]
[ 0.52295292]
[ 0.44183236]
[ 0.47352839]
[ 0.47854932]
[-0.44161412]
[-0.38222405]
[-0.38670648]
[-0.40739306]
[-0.50397943]
[ 0.46366253]
[-0.34937623]
[ 0.50027259]
[-0.52893255]
[-0.43842841]
[ 0.50134244]
[-0.44817817]
[ 0.39053919]
[ 0.39482867]
[-0.38048495]
[-0.50995696]
[ 0.3891628]
[-0.36790261]
[ 0.3827232]
[ 0.39348482]
[ 0.36942098]
[ 0.48124608]
[ 0.39326441]
[-0.45201672]
[ 0.38441733]
[ 0.46865699]
[ 0.39084064]
[-0.40205931]
[-0.38135046]
[ 0.36064128]
[-0.31404007]
[ 0.43938254]
[ 0.37162935]
[-0.405335]
[ 0.38312553]
[-0.46574315]
[ 0.39604807]
[-0.40923519]
[-0.41447166]
[-0.50002656]
[ 0.44786691]
[ 0.49512172]
[-0.33522599]
[ 0.41370531]
[-0.45023123]
[-0.46358153]
[-0.40179887]
[-0.38449802]
[-0.42245467]
[ 0.46010558]
[-0.41881591]
[-0.47682125]
[ 0.53428145]
[ 0.32441891]
[-0.48170998]
[ 0.45475944]
[-0.36835052]
[ 0.42967992]
[ 0.36541508]
[ 0.43413367]
[-0.37448057]
[-0.40378246]
[ 0.39508107]
[-0.41529453]
[-0.28550236]
[-0.41354857]
[-0.41483474]
[ 0.41277259]
[-0.3739387]
[ 0.42209801]
[-0.47698497]
[-0.35939005]
[-0.39152085]
[ 0.45747214]
[ 0.35078567]
[-0.41301231]
[ 0.40344757]
[-0.48041555]
[ 0.41798454]
[-0.38034327]
[ 0.50708398]
[-0.38975036]
[-0.3610602]
[-0.48349576]
[ 0.44808021]
[ 0.34023697]
[ 0.47199197]
[ 0.47890036]
[ 0.46525757]
[ 0.44275127]
[ 0.41399542]
[ 0.37780627]
[-0.47988721]
[ 0.43565756]
[-0.38129571]
[-0.43751063]
[ 0.46496816]
[-0.45557775]
[-0.47623625]
[ 0.48089859]
[ 0.44872486]
[ 0.44460539]
[ 0.53584987]
[ 0.4853784]
[-0.40790775]
[ 0.34170465]
[ 0.42470033]
[-0.33857604]
[ 0.33731137]
[ 0.42906498]
[ 0.48958347]
[-0.46348801]
[-0.39593807]
[ 0.48003079]
[ 0.36197707]
[ 0.53252511]
[-0.41027032]
[-0.3173685]
[-0.36117639]
[-0.35457791]
[-0.38010105]
[-0.35148471]
[ 0.37485153]
[ 0.35094774]
[ 0.44587506]
[-0.46932854]
[ 0.44726612]
[-0.3832566]
[-0.46931843]
[-0.22317727]
[ 0.44588414]
[ 0.51436483]
[-0.47061713]
[ 0.41797405]
[-0.45007998]
[ 0.52801261]
[ 0.41882969]
[ 0.49143933]
[-0.41854839]
[ 0.50546426]
[ 0.4357369]
[-0.36522507]
[-0.40549091]
[ 0.3967544]
[ 0.37973342]
[ 0.37910487]
[-0.41437237]
[ 0.38069511]
[ 0.48347084]
[-0.41967075]
[ 0.44645754]
[-0.45230593]
[ 0.4499679]
[-0.36850583]
[-0.40658364]
[ 0.31653272]
[-0.43641618]
[ 0.49221472]
[-0.41387919]
[ 0.39021977]
[-0.26160451]
[-0.46535541]
[-0.41351211]
[-0.4322302]
[-0.35227277]
[-0.497656]
[ 0.47383482]
[-0.42481304]
[ 0.48328313]
[-0.44689776]
[-0.32495564]
[ 0.40277006]
[ 0.45546821]
[-0.48333466]
[ 0.47449253]
[-0.40274948]
[ 0.45017501]
[-0.46893632]
[-0.38417702]
[ 0.44245973]
[-0.41401493]
[ 0.36607458]
[-0.35600359]
[-0.35743579]
[ 0.37119175]
[ 0.5573053]
[-0.41276308]
[ 0.39722844]
[-0.47443208]
[-0.45144753]
[-0.44538491]
[ 0.52595717]
[ 0.44986719]
[-0.36798107]
[ 0.50591079]
[-0.39970753]
[-0.3724178]
[ 0.44163145]
[-0.38202623]
[ 0.53617408]
[-0.42262089]
[-0.47853599]
[ 0.51237942]
[-0.42985535]
[-0.3893164]
[ 0.4100871]
[-0.36579745]
[-0.48430241]
[ 0.37151732]
[ 0.43087731]
[-0.51474009]
[-0.3935231]
[-0.42999728]
[ 0.49549925]
[ 0.45173449]
[-0.41479066]
[ 0.45088838]
[-0.50747517]
[-0.51147435]
[-0.4253242]
[ 0.40661393]
[-0.45608923]
[ 0.47132043]
[-0.41953267]
[ 0.34971463]
[ 0.48367385]
[-0.44787896]
[-0.51200896]
[ 0.49502575]
[ 0.38810463]
[-0.44838909]
[ 0.53880394]
[ 0.4171503]
[ 0.3409777]
[-0.35394052]
[-0.52155661]
[ 0.59165992]
[-0.45146347]
[ 0.44359605]
[-0.48153081]
[-0.29544911]
[-0.42112924]
[ 0.47397274]
[-0.44452851]
[-0.36891314]
[ 0.45036506]
[ 0.4148079]
[ 0.48770163]
[ 0.37263318]
[-0.4021039]
[-0.47112873]
[ 0.47014546]
[ 0.50607933]
[ 0.42697962]
[ 0.5718037]
[ 0.34964865]
[ 0.43084441]
[-0.47344494]
[-0.43600381]
[-0.37905908]
[-0.4172444]
[ 0.46085638]
[-0.43761545]
[ 0.47772264]
[ 0.48399183]
[ 0.445662]
[-0.47521856]
[-0.51287514]
[ 0.45588386]
[ 0.40815223]
[ 0.5144635]
[-0.36433277]
[ 0.39839825]
[ 0.42835536]
[-0.4252252]
[ 0.34859195]
[-0.41397449]
[-0.48327958]
[-0.36881684]
[ 0.4987292]
[ 0.37252006]
[-0.41149543]
[ 0.46161296]
[-0.46672932]
[-0.38886978]
[-0.41270267]
[ 0.40405696]
[ 0.42881406]
[-0.37973556]
[ 0.50538673]
[-0.35150907]
[ 0.43849747]
[-0.31851094]
[ 0.34669973]
[ 0.54405574]
[-0.44116533]
[-0.41801742]
[-0.42151776]
[-0.40058389]
[-0.45162551]
[-0.41966685]
[ 0.42218141]
[ 0.42847975]
[ 0.41044259]
[ 0.48967527]
[ 0.41543194]
[ 0.53507128]
[ 0.3526222]
[-0.40993733]
[ 0.41072515]
[ 0.39959929]
[-0.46898996]
[ 0.58781721]
[-0.4065457]
[ 0.41124685]
[-0.48000352]
[ 0.44996401]
[-0.40280902]
[-0.39866498]
[ 0.41775319]
[ 0.36990559]
[-0.51490858]
[ 0.51019074]
[ 0.43436322]
[-0.37664212]
[ 0.50212484]
[-0.34476132]
[ 0.43515965]
[-0.39429482]
[-0.37851146]
[ 0.4021722]
[-0.40886535]
[ 0.43472021]
[ 0.37342841]
[ 0.44757868]
[ 0.37569952]
[ 0.48588856]
[-0.37502478]
[-0.3489128]
[ 0.49474274]
[ 0.42242071]
[ 0.41877471]
[-0.43065775]
[ 0.46860126]
[ 0.38035929]
[ 0.41219939]
[-0.31988556]
[-0.34693515]
[-0.40725575]
[ 0.51908935]
[-0.40605665]
[ 0.39853182]
[-0.46795378]
[ 0.3791567]
[-0.41659504]
[ 0.44011857]
[-0.44790762]
[ 0.6342262]
[ 0.4402013]
[-0.38989177]
[-0.44475165]
[ 0.48880605]
[-0.32405976]
[-0.45234143]
[ 0.45715416]
[ 0.5137663]
[ 0.40272953]
[ 0.52329972]
[-0.40442716]
[-0.42186141]
[-0.38399736]
[-0.45434914]
[-0.42824568]
[ 0.39710569]
[ 0.46921013]
[ 0.49279747]
[ 0.46363901]
[-0.5177657]
[-0.46065982]
[ 0.37783489]
[ 0.39356396]
[ 0.47835858]
[-0.35018222]
[-0.38688328]
[-0.35326353]
[-0.41732771]
[-0.43344793]
[-0.34686519]
[-0.40149117]
[-0.46122571]
[ 0.35794185]
[ 0.47499521]
[ 0.37584084]
[ 0.42935595]
[ 0.52346489]
[-0.40597401]
[ 0.4214324]
[ 0.45047768]
[-0.3680612]
[ 0.37886644]
[-0.40424909]
[-0.45472334]
[ 0.36998249]
[-0.35712463]
[-0.3764225]
[-0.36914184]
[-0.32871473]
[-0.54936237]
[-0.40274769]
[ 0.34341716]
[ 0.4872622]
[-0.36449768]
[ 0.50019192]
[ 0.50675417]
[ 0.39439905]
[ 0.47286096]
[ 0.47169639]
[-0.3891421]
[-0.42343708]
[ 0.42037601]
[-0.36565151]
[ 0.34706779]
[ 0.4734378]
[ 0.41733422]
[ 0.47066425]
[ 0.34896448]
[-0.37825682]
[ 0.41197483]
[ 0.54047958]
[-0.40002549]
[-0.42169829]
[ 0.43005203]
[ 0.38989082]
[-0.46438752]
[-0.40653998]
[ 0.41455399]
[ 0.54758148]
[-0.43894398]
[-0.41720322]
[-0.41930684]
[ 0.42708128]
[-0.43826947]
[-0.34988665]
[-0.47406912]
[ 0.47613043]
[-0.42887077]
[-0.38137362]
[-0.54244943]
[-0.46860044]
[ 0.43911953]
[ 0.55821094]
[ 0.49470556]
[ 0.49564689]
[-0.36991213]
[-0.46221047]
[ 0.46426307]
[-0.41575046]
[ 0.40743977]
[ 0.48222263]
[-0.34037509]
[-0.46785959]
[ 0.46244346]
[-0.42049167]
[ 0.35654973]
[-0.37140111]
[-0.46081366]
[-0.4139285]
[-0.41138183]
[-0.4547143]
[-0.41839447]
[-0.4151832]
[ 0.43862101]
[-0.42910534]
[-0.42862739]
[-0.53259976]
[ 0.40985374]
[-0.43381047]
[ 0.42799008]
[ 0.54516477]
[ 0.43620323]
[ 0.44027017]
[-0.45103827]
[-0.48569888]
[-0.42995356]
[-0.38500437]
[-0.38273507]
[ 0.46077509]
[ 0.47987287]
[-0.36098975]
[ 0.56333706]
[ 0.46694159]
[-0.35393511]
[-0.44335389]
[ 0.49230335]
[-0.41261753]
[ 0.38537201]
[ 0.40092141]
[ 0.45845531]
[ 0.42590541]
[ 0.47720239]
[-0.40072605]
[-0.51420714]
[-0.40094615]
[ 0.48069377]
[-0.41221168]
[-0.37556847]
[-0.32818141]
[-0.41279469]
[-0.43025296]
[ 0.45922665]
[ 0.40375489]
[-0.39277861]
[-0.34563031]
[ 0.60680718]
[-0.43187685]
[ 0.42286581]
[ 0.45329126]
[ 0.57574115]
[ 0.31871522]
[-0.42630869]
[-0.43795255]
[-0.41265497]
[ 0.42465169]
[ 0.43316959]
[ 0.43303268]
[-0.4200644]
[ 0.42121523]
[ 0.43325806]
[-0.48830029]
[-0.35036988]
[-0.48269049]
[ 0.49568938]
[-0.36857426]
[ 0.3778215]
[ 0.42829544]
[ 0.23161186]
[-0.43185215]
[-0.3279164]
[ 0.44175979]
[-0.46293837]
[ 0.38435256]
[ 0.40868134]
[ 0.39109477]
[-0.41663863]
[ 0.4334475]
[-0.32579735]
[ 0.44029435]
[-0.38051746]
[ 0.38160291]
[-0.36400152]
[ 0.37260399]
[ 0.4742594]
[ 0.43839954]
[ 0.4915778]
[ 0.43872473]
[ 0.49769495]
[-0.36131677]
[ 0.37999719]
[-0.35404264]
[ 0.50281644]
[-0.36744279]
[-0.49595211]
[-0.49074046]
[-0.43198317]
[-0.43364364]
[ 0.54121058]
[-0.42638418]
[-0.37549179]
[ 0.45576769]
[-0.43070692]
[ 0.4100483]
[ 0.56540621]
[-0.39489892]
[ 0.47134986]
[-0.42098467]
[ 0.37961596]
[ 0.4102371]
[-0.34631475]
[-0.37160288]
[ 0.38989293]
[-0.39203888]
[ 0.47557012]
[ 0.50934376]
[-0.38379291]
[ 0.55396777]
[-0.34941363]
[ 0.39850926]
[ 0.30125749]
[ 0.45907082]
[ 0.40991464]
[ 0.39130323]
[ 0.38092361]
[-0.40026106]
[ 0.47418697]
[ 0.51428732]
[-0.40197072]
[-0.34539797]
[ 0.43229246]
[-0.36159717]
[-0.42241549]
[ 0.41311843]
[ 0.34360131]
[ 0.51320219]
[ 0.41396465]
[-0.42552954]
[ 0.51955919]
[-0.32344266]
[ 0.39418811]
[ 0.35565853]
[ 0.43181612]
[ 0.35080205]
[ 0.44009627]
[ 0.4229618]
[ 0.44914175]
[-0.44226452]
[ 0.42603966]
[-0.44827746]
[-0.48888341]
[ 0.47980866]
[-0.51045048]
[-0.37098156]
[ 0.38646113]
[ 0.46903606]
[ 0.5629776]
[ 0.43648147]
[-0.47582586]
[ 0.46271594]
[-0.35242498]
[ 0.4325422]
[ 0.43390428]
[ 0.53663933]
[ 0.49130955]
[-0.48104695]
[-0.42459496]
[ 0.50847672]
[ 0.42387408]
[-0.42619447]
[-0.46711025]
[ 0.47318621]
[-0.37880595]
[ 0.53284795]
[ 0.49716142]
[ 0.48841464]
[ 0.36427463]
[-0.3747859]
[ 0.3823507]
[-0.48247164]
[ 0.43756748]
[-0.35974203]
[-0.44626486]
[ 0.44785735]
[ 0.41014034]
[-0.46261665]
[ 0.44383523]
[-0.3383233]
[-0.40199566]
[-0.46985178]
[-0.31697082]
[-0.39709144]
[ 0.4354626]
[-0.40433559]
[-0.45801761]
[-0.34689569]
[-0.41069828]
[ 0.38193806]
[ 0.45654935]
[-0.38034002]
[ 0.463606]
[-0.42666653]
[ 0.50185072]
[ 0.40768222]
[ 0.4730154]
[ 0.44724805]
[ 0.50332608]
[ 0.40689469]
[ 0.40861518]
[-0.4138229]
[-0.38384186]
[ 0.34978534]
[-0.36231556]
[-0.34136097]
[-0.45265622]
[-0.37917475]
[ 0.37395235]
[ 0.36819779]
[ 0.4667807]
[ 0.40421456]
[-0.41303365]
[-0.41907249]
[ 0.40214096]
[ 0.37833171]
[ 0.44530271]
[ 0.30390085]
[ 0.40581476]
[ 0.50911481]
[ 0.36493919]
[ 0.54835901]
[ 0.48944648]
[ 0.30454728]
[-0.36942028]
[-0.39168984]
[ 0.41885944]
[ 0.37561102]
[-0.39614553]
[-0.40351806]
[-0.42985537]
[ 0.49589035]
[-0.3640266]
[-0.37379624]
[-0.4008245]
[ 0.46462241]
[-0.44232847]
[ 0.43524665]
[-0.34226536]
[ 0.38452856]
[ 0.55133327]
[ 0.4258528]
[-0.4575933]
[-0.451738]
[-0.45910223]
[-0.39976106]
[ 0.42624155]
[ 0.41205315]
[ 0.53210737]
[ 0.44773114]
[-0.38425336]
[ 0.38191994]
[-0.43237299]
[ 0.42363953]
[-0.24850853]
[ 0.43703297]
[-0.39843051]
[-0.44345206]
[ 0.46667037]
[-0.42144386]
[ 0.47809036]
[-0.43092368]
[ 0.33898304]
[ 0.4164597]
[-0.38830117]
[ 0.39241984]
[-0.34663336]
[-0.41679592]
[ 0.43607978]
[ 0.47497766]
[-0.39564865]
[ 0.5043549]
[ 0.42824185]
[ 0.51356929]
[-0.43596842]
[-0.44513696]
[-0.44285911]
[-0.44732401]
[ 0.45093404]
[-0.32974373]
[ 0.57550449]
[ 0.35123886]
[-0.40079851]
[-0.46701939]
[-0.44803819]
[-0.43695764]
[-0.39075669]
[ 0.35437288]
[-0.48012606]
[ 0.42804301]
[-0.43766649]
[ 0.40522626]
[-0.39654093]
[ 0.49422521]
[ 0.50284268]
[ 0.37611401]
[ 0.56548331]
[ 0.4395999]
[-0.53154412]
[-0.34911356]
[ 0.40194145]
[-0.41397744]
[-0.54107388]
[-0.45305089]
[-0.44220563]
[-0.38774825]
[-0.40900133]
[-0.42583842]
[-0.43124099]
[ 0.44316816]
[-0.42521642]
[-0.48989001]
[ 0.4735564]
[ 0.45622917]
[-0.50616353]
[-0.43981749]
[ 0.41406321]
[ 0.49469766]
[-0.43984336]
[-0.41368613]
[-0.46170664]
[-0.36788066]
[-0.41202096]
[ 0.50306296]
[-0.43352516]
[-0.46324796]
[ 0.49369142]
[ 0.42271315]
[-0.41732487]
[ 0.45884107]
[-0.43720683]
[-0.42332486]
[ 0.53122596]
[-0.49667749]
[-0.32572499]
[-0.43002135]
[ 0.35999735]
[ 0.42020732]
[ 0.41141668]
[ 0.37247698]
[-0.29165364]
[ 0.36731719]
[ 0.4793505]
[-0.46218605]
[ 0.44710861]
[-0.3758999]
[-0.3574436]
[-0.33734091]
[-0.48732122]
[-0.49170569]
[-0.4021418]
[ 0.43703454]
[ 0.42768739]
[-0.44750218]
[-0.48128275]
[-0.32982488]
[ 0.39726399]
[ 0.4008563]
[ 0.47892215]
[ 0.39624156]
[-0.36656937]
[ 0.49176093]
[ 0.48598235]
[ 0.4384836]
[-0.35752425]
[ 0.34187727]
[-0.54729868]
[-0.51419937]
[-0.43594111]
[-0.48476938]
[ 0.43573212]
[-0.36646142]
[-0.43165395]
[ 0.5554008]
[ 0.41705869]
[ 0.41552915]
[-0.46512074]
[-0.36549769]
[-0.49793481]
[ 0.40338727]
[-0.3748102]
[ 0.39903541]
[-0.44291313]
[ 0.48129436]
[ 0.49369418]
[ 0.42999574]
[ 0.43818276]
[ 0.40902669]
[-0.416311]
[ 0.45109569]
[ 0.47573334]
[ 0.46807632]
[-0.44640194]
[ 0.49981018]
[-0.42484013]
[ 0.41126216]
[ 0.4406724]
[ 0.42203378]
[ 0.38166634]
[-0.36628867]
[ 0.44650774]
[ 0.52645434]
[ 0.40216618]
[-0.47363669]
[ 0.44796314]
[ 0.45512336]
[ 0.41225157]
[ 0.42256413]
[-0.35775686]
[ 0.33677154]
[ 0.44493533]
[ 0.4076242]
[ 0.36406873]
[ 0.50583531]
[-0.40470874]
[ 0.5167116]
[-0.43455134]
[-0.36814806]
[ 0.46378864]
[-0.40648674]
[-0.38394662]
[-0.38354392]
[-0.36191404]
[-0.3644665]
[-0.40230954]
[ 0.38090363]
[-0.40908344]
[ 0.49950094]
[ 0.42928701]
[ 0.60784776]
[-0.39113146]
[ 0.37996683]
[-0.48675464]
[-0.47510152]
[ 0.60058445]
[ 0.56346732]
[ 0.58118546]
[-0.45528652]
[ 0.30498873]
[ 0.48596796]
[ 0.3543716]
[-0.39548858]
[ 0.49628546]
[-0.40634334]
[ 0.51721378]
[ 0.41944127]
[-0.48662519]
[-0.4083998]
[ 0.41087956]
[ 0.40313181]
[ 0.42061583]
[-0.53283293]
[ 0.462595]
[ 0.41353823]
[ 0.5241675]
[ 0.38355981]
[ 0.40644705]
[-0.37696022]
[-0.48314875]
[-0.48294083]
[ 0.48790501]
[-0.31564183]
[-0.37532386]
[ 0.404225]
[-0.40130071]
[ 0.4049361]
[-0.30978375]
[-0.43624647]
[ 0.34671021]
[-0.38750336]
[-0.36484258]
[-0.43755088]
[-0.35628816]
[-0.46198054]
[ 0.48259421]
[-0.49588011]
[-0.40147892]
[-0.38524775]
[ 0.41025132]
[ 0.45616056]
[ 0.43098375]
[ 0.38748864]
[ 0.47132251]
[ 0.34095287]
[-0.44833523]
[ 0.43261461]
[-0.4025993]
[ 0.34995124]
[-0.44697117]
[-0.41757633]
[-0.41621195]
[-0.46314451]
[-0.48519023]
[ 0.39997046]
[-0.44820865]
[ 0.46793881]
[ 0.46626343]
[ 0.39973219]
[ 0.29448784]
[ 0.5041916]
[ 0.44238506]
[ 0.38187229]
[-0.37803642]
[-0.35219883]
[-0.39296816]
[ 0.39424917]
[ 0.43562897]
[ 0.5264342]
[-0.48293065]
[ 0.41081292]
[ 0.42041451]
[-0.38925508]
[ 0.46812201]
[ 0.3471458]
[-0.39033313]
[ 0.58502151]
[ 0.50076691]
[ 0.42615335]
[ 0.36913755]
[-0.48392696]
[-0.46849403]
[ 0.51952894]
[-0.50123675]
[ 0.48277465]
[ 0.41548286]
[ 0.50328113]
[-0.42976259]
[ 0.43577948]
[-0.35866826]
[ 0.4340275]
[ 0.43131707]
[-0.47580648]
[-0.34260888]
[-0.37710884]
[ 0.50653324]
[-0.48943856]
[ 0.42898689]
[ 0.50276961]
[-0.41984787]
[-0.43403886]
[ 0.39550116]
[-0.4644506]
[ 0.50058564]
[-0.43074974]
[-0.36649671]
[ 0.45275681]
[ 0.52313358]
[-0.48600042]
[ 0.45929942]
[-0.44352013]
[-0.46735397]
[ 0.43931044]
[-0.39204911]
[-0.34685405]
[-0.43332109]
[ 0.50680841]
[-0.49908505]
[ 0.42621499]
[-0.44384209]
[-0.48717083]
[ 0.42941105]
[-0.40361427]
[-0.44955883]
[ 0.49661756]
[ 0.45235007]
[-0.46348403]
[ 0.30350767]
[-0.45982831]
[ 0.47413816]
[ 0.52493046]
[ 0.48529083]
[-0.41085242]
[ 0.47357889]
[ 0.42792175]
[-0.45976174]
[ 0.45372341]
[ 0.45219535]
[-0.35593689]
[ 0.41888858]
[-0.36395363]
[ 0.42180997]
[ 0.52128605]
[ 0.34852028]
[ 0.39001219]
[-0.36547201]
[ 0.38276547]
[ 0.42705339]
[-0.48361397]
[ 0.35909347]
[ 0.44616897]
[-0.44775526]
[-0.4238014]
[ 0.48709168]
[ 0.37842961]
[ 0.37907691]
[ 0.54601994]
[ 0.43878277]
[ 0.3826335]
[-0.38114693]
[ 0.40338721]
[ 0.50376655]
[ 0.43389132]
[-0.38496692]
[-0.49659034]
[ 0.47734384]
[-0.4220897]
[ 0.39071045]
[ 0.47669988]
[-0.43722559]
[ 0.4788117]
[ 0.51098008]
[-0.45390778]
[ 0.41748405]
[-0.42741]
[ 0.47843925]
[ 0.43627546]
[-0.52851441]
[-0.40433481]
[ 0.53972819]
[-0.38669547]
[ 0.43789585]
[ 0.44111514]
[-0.39305529]
[-0.40996472]
[-0.33102301]
[-0.39639681]
[-0.4338372]
[ 0.46965965]
[ 0.4217972]
[ 0.41141655]
[-0.40923186]
[-0.39895247]
[-0.43871818]
[ 0.41003477]
[ 0.41941193]
[ 0.50378595]
[ 0.40093102]
[-0.45584262]
[ 0.45854109]
[-0.51813775]
[-0.39863548]
[ 0.36818172]
[ 0.53255697]
[-0.37357257]
[-0.31374255]
[ 0.44993207]
[ 0.45474688]
[ 0.51215933]
[-0.41264472]
[-0.39607852]
[ 0.41812539]
[ 0.42141251]
[ 0.44636352]
[-0.36052494]
[ 0.46366132]
[-0.44044403]
[-0.3850476]
[-0.33713531]
[ 0.35198534]
[-0.39871964]
[ 0.387437]
[ 0.41658152]
[-0.46991536]
[ 0.46249021]
[ 0.35052057]
[-0.40390586]
[ 0.46062346]
[ 0.47954041]
[-0.44053264]
[ 0.4915681]
[ 0.44252773]
[ 0.51523071]
[ 0.41524644]
[-0.39905402]
[-0.36842564]
[-0.40639625]
[ 0.34982285]
[-0.39642009]
[-0.46953717]
[-0.37570828]
[-0.400484]
[ 0.37048052]
[ 0.48289126]
[ 0.4862994]
[ 0.40694564]
[-0.39869871]
[-0.47221285]
[-0.47719687]
[-0.31872725]
[-0.44484558]
[ 0.31053608]
[ 0.42441387]
[-0.47818238]
[ 0.41239916]
[-0.39089315]
[-0.37821208]
[-0.37952701]
[ 0.43382761]
[-0.3800632]
[ 0.41131721]
[-0.45560949]
[-0.41410811]
[ 0.40209694]
[-0.30239082]
[ 0.55478924]
[-0.37696177]
[-0.36366158]
[ 0.51278584]
[-0.3970585]
[-0.35765616]
[-0.35948256]
[ 0.50369696]
[ 0.40379521]
[-0.37051041]
[ 0.43177306]
[ 0.41512743]
[-0.37923018]
[ 0.48273882]
[-0.38265695]
[ 0.4325197]
[ 0.48479138]
[ 0.53909031]
[ 0.49689091]
[-0.41326082]
[-0.4066183]
[-0.40727331]
[-0.45136676]
[-0.48516923]
[-0.34311481]
[-0.30565208]
[-0.45670686]
[ 0.50992034]
[ 0.5030335]
[-0.39236848]
[-0.41788589]
[ 0.4131173]
[ 0.47632825]
[ 0.47735232]
[ 0.53745729]
[-0.36589547]
[ 0.45876049]
[-0.44045534]
[-0.57447737]
[ 0.33096532]
[ 0.35659526]
[ 0.42020071]
[-0.46253731]
[ 0.4220479]
[ 0.44785614]
[-0.37263733]
[ 0.46068157]
[-0.45483459]
[-0.32127499]
[ 0.44657271]
[ 0.46615623]
[ 0.54116781]
[-0.44485632]
[ 0.46347273]
[ 0.39761787]
[ 0.44202619]
[ 0.46608979]
[ 0.46830649]
[-0.32230983]
[-0.42034873]
[ 0.4569898]
[-0.36667968]
[ 0.50565162]
[-0.4173107]
[ 0.42617531]
[-0.39165554]
[ 0.46346265]
[ 0.5248976]
[-0.39967465]
[-0.4387267]
[ 0.47603733]
[ 0.38194345]
[ 0.44819244]
[ 0.35540522]
[-0.34499953]
[ 0.34630525]
[-0.47258722]
[-0.42499609]
[-0.4661669]
[-0.39313429]
[-0.3624688]
[ 0.44152189]
[ 0.50213664]
[-0.38261131]
[-0.47429206]
[ 0.44304187]
[-0.39792493]
[-0.39610008]
[ 0.48812902]
[ 0.43081151]
[ 0.44378555]
[ 0.39779318]
[-0.34363812]
[ 0.49090783]
[ 0.44435066]
[ 0.43055172]
[ 0.38488496]
[ 0.42142602]
[-0.35411754]
[ 0.43151123]
[-0.35955952]
[ 0.44260175]
[ 0.42500257]
[-0.38760169]
[-0.38021756]
[ 0.36488296]
[ 0.39872071]
[-0.43338798]
[ 0.45583271]
[-0.40838653]
[-0.44112115]
[ 0.41345725]
[-0.33797349]
[-0.37295148]
[-0.3717151]
[ 0.4466711]
[-0.44149514]
[ 0.39625859]
[ 0.46655054]
[ 0.42606566]
[ 0.36582112]
[-0.40728475]
[-0.37351075]
[-0.41357779]
[-0.43716582]
[ 0.45352131]
[ 0.40957707]
[ 0.44979075]
[ 0.43039897]
[-0.37529947]
[-0.44696212]
[-0.45912154]
[-0.36542157]
[-0.40396014]
[-0.41891157]
[ 0.4562482]
[-0.38535541]
[ 0.48154795]
[ 0.42895041]
[-0.38123563]
[ 0.44097837]
[-0.42007751]
[-0.58657424]
[ 0.46013693]
[-0.44195594]
[ 0.45088576]
[ 0.44856904]
[-0.47126575]
[-0.51768895]
[ 0.41034299]
[-0.46895997]
[ 0.57803865]
[-0.39018196]
[ 0.48813857]
[-0.43936211]
[-0.38178713]
[ 0.40295126]
[-0.36724375]
[-0.38468304]
[-0.40213597]
[ 0.47050729]
[-0.42741427]
[-0.40871265]
[-0.3804951]
[ 0.31930394]
[ 0.43126676]
[-0.30650045]
[-0.37362702]
[ 0.44834669]
[-0.49339109]
[ 0.46609347]
[-0.4249713]
[-0.45656059]
[-0.47853864]
[ 0.46938853]
[ 0.49920936]
[ 0.50761355]
[-0.34562093]
[-0.33966429]
[-0.37040924]
[ 0.43792138]
[-0.50220644]
[-0.3413304]
[-0.46379853]
[ 0.56334323]
[ 0.45660234]
[ 0.43700571]
[ 0.48581229]
[-0.36970056]
[ 0.46462406]
[ 0.51390081]
[ 0.4340703]
[ 0.48534671]
[ 0.39647656]
[-0.40279958]
[ 0.50229654]
[-0.38368255]
[-0.41703768]
[-0.48224221]
[ 0.46569908]
[ 0.43283457]
[-0.44254149]
[-0.44480151]
[ 0.44611408]
[ 0.48446389]
[ 0.4588712]
[ 0.35215519]
[-0.44895887]
[-0.40910346]
[ 0.37731701]
[ 0.39241753]
[-0.38728445]
[ 0.58494916]
[-0.42383892]
[-0.43269921]
[ 0.43289649]
[ 0.46268413]
[-0.39704282]
[ 0.46671641]
[ 0.49007307]
[-0.38212299]
[-0.35805743]
[-0.41177215]
[-0.40542085]
[-0.45729623]
[ 0.42363817]
[ 0.48849271]
[ 0.33044879]
[-0.42419936]
[ 0.47985579]
[-0.38937259]
[ 0.53769019]
[ 0.40483301]
[-0.42178933]
[ 0.49009923]
[ 0.51504311]
[-0.48537867]
[ 0.47757065]
[ 0.34512372]
[-0.42840829]
[ 0.42802964]
[ 0.37089681]
[-0.43470903]
[ 0.46493558]
[-0.43807653]
[-0.47667114]
[-0.43255043]
[ 0.45980853]
[-0.38140042]
[-0.32543404]
[ 0.52458997]
[-0.39095742]
[-0.4577675]
[ 0.42983093]
[ 0.44410277]
[-0.39503352]
[-0.38860383]
[ 0.42223633]
[-0.43820867]
[ 0.50701553]
[-0.44874771]
[-0.48661993]
[-0.47352602]
[-0.42116785]
[ 0.44433101]
[-0.43456105]
[-0.36938031]
[-0.4036507]
[ 0.43936061]
[ 0.44213524]
[-0.34401414]
[ 0.44269696]
[-0.36799675]
[ 0.52165552]
[-0.42997553]
[-0.43295934]
[ 0.39231823]
[ 0.46205075]
[ 0.4957782]
[ 0.35693102]
[-0.4155879]
[ 0.44467071]
[ 0.40064002]
[ 0.49260459]
[-0.45724314]
[ 0.50655503]
[-0.32188961]
[-0.43024358]
[-0.43973549]
[ 0.45197942]
[ 0.45869739]
[-0.43482597]
[-0.39956212]
[-0.45937638]
[-0.43913925]
[-0.48908595]
[-0.3649681]
[ 0.4100213]
[ 0.44629881]
[ 0.45091516]
[-0.4093552]
[-0.38095437]
[-0.30254023]
[-0.40706758]
[-0.32514704]
[-0.40759112]
[-0.38549211]
[ 0.39868343]
[-0.47170535]
[-0.45132612]
[-0.45809109]
[-0.33296564]
[-0.37909993]
[-0.41004185]
[ 0.46866621]
[-0.38532608]
[-0.40106717]
[-0.43561532]
[-0.3882266]
[ 0.52383129]
[ 0.5482971]
[ 0.38430421]
[ 0.44407895]
[ 0.4657245]
[ 0.49648964]
[ 0.44771124]
[ 0.41941002]
[-0.44328156]
[-0.37659922]
