-0.432368314818
0.426800187811
0.46975579104
-0.322416770294
-0.42833509561
0.462656393306
-0.520522247828
0.444512256767
0.433312110764
0.4725995617
-0.362451486391
-0.438716036547
-0.375368909166
-0.417052792092
-0.394494450181
0.544344659782
-0.424782933365
-0.44603977445
-0.399718131484
-0.452032536711
-0.447415552951
0.418005512104
-0.337747145857
-0.262645793187
0.478426478412
-0.440891779017
-0.509297239091
0.414004900713
0.469967768834
0.512279626528
0.430490561011
0.56112530897
0.425795638638
-0.465974081745
0.483897884157
-0.364606435258
0.464293481841
-0.293910967874
-0.318541132871
-0.442777963369
0.493708554811
0.422767183009
-0.42046510908
-0.385344438802
-0.410437596255
-0.480985435784
0.506623554603
0.437016065169
-0.435041937964
-0.495022696173
-0.415400731992
0.447834539878
0.453414145639
0.456408709355
-0.374896504918
-0.429431233122
0.470757290482
-0.406362650309
-0.329717166071
-0.447111420134
0.544580127789
0.407982626363
0.351095322404
0.493451420543
0.503880151968
-0.514387469803
-0.400469707948
0.469632086506
0.434547299547
0.421614883119
0.314418208013
0.395922922629
-0.399765613808
0.388696689831
-0.445338295164
-0.433920446976
0.410384575151
-0.420919557685
0.478011666722
0.389170767228
0.400667363505
-0.424472057804
0.415007657541
-0.264116973303
-0.591929510931
0.562950676812
0.472081793582
-0.425174137093
-0.401504006986
0.483252126499
0.4809993772
-0.391948210293
0.429298456888
0.478336023534
0.449163911495
-0.406652924381
-0.389019958606
-0.349156945196
-0.446691177599
0.422027215747
-0.369288731744
-0.465213491603
-0.363300077701
-0.44530996428
-0.450231475176
-0.403837648407
-0.359520871781
0.445458425245
0.484080523083
0.531067291944
-0.39563472387
0.467770190038
0.478648153401
0.39956837026
0.413449154634
0.472226280443
0.352385753587
-0.417835436583
-0.429468997924
-0.524268191761
0.416959441209
-0.436879798608
0.46060188514
-0.385880891522
-0.345948552389
0.468271775456
0.483733538801
0.497239003096
0.418635213924
-0.44414804682
0.462594928556
0.407076521518
0.458369502658
-0.336596755784
0.340279899491
0.430147332384
-0.393195219886
0.352079165514
-0.428273845396
0.40549837229
0.43508377636
0.410513815108
-0.451754607846
-0.436265013443
0.435388379695
0.42151666754
0.436481106075
0.366880159308
0.393250543372
0.341782014843
0.336085188046
-0.467718387787
-0.486316936667
0.480881896856
0.44741093478
0.410349100578
0.426690822613
-0.461262976017
0.429875760926
-0.384292619449
0.433213652374
0.400080964458
0.383980681726
-0.36723168098
-0.398137354525
-0.411180193029
-0.368794766401
-0.501937128937
-0.495249787197
0.414162742009
-0.476143900032
-0.382441804037
0.511215544362
0.361855945927
-0.369787522822
-0.382021993151
0.332895807944
-0.393195582355
0.394809076515
0.379390075173
0.513508501998
0.569282031636
-0.456763344417
-0.437412923159
-0.421787212431
0.422660079373
-0.399355666242
0.441275613323
-0.29597261232
0.500242438324
-0.411376780609
-0.40714865275
0.455501480671
-0.419922881344
-0.307444966296
-0.335766910803
-0.464456158746
0.341894699586
-0.403216774237
-0.42891533654
0.443342652064
-0.411222523505
-0.440560306843
-0.425731593907
-0.389793766949
-0.331088860736
-0.398479677547
0.461187789816
0.36149481973
0.393990101705
-0.334551989404
0.452178971741
-0.465899466507
-0.528662508191
0.462135317388
-0.427111625185
-0.393285148222
-0.37215952717
0.367250459585
-0.409643715425
0.443301241607
0.490644098087
-0.441023284725
-0.371298346776
-0.490015764716
-0.397755076743
-0.33152909779
-0.430562560294
0.4650041772
-0.405975617226
0.510861327751
-0.468054221298
0.533446889051
-0.393781534504
0.470422940906
0.368403690987
0.385597676265
0.514196927368
-0.408356719865
0.523107326345
-0.355908947024
0.420171891448
-0.384292002901
-0.431681526327
0.43680706781
0.380977335725
0.412851188342
0.449486885569
0.329879237996
0.405372245086
0.527640059647
0.370784185483
-0.413426763056
0.502059520603
-0.47082779565
0.470869628036
0.41684866597
0.392795223939
0.410469746882
-0.372777454623
-0.359466532427
-0.410018040959
-0.359404549639
0.412289983601
-0.439091288092
0.522061237973
0.455690302405
-0.457121867265
-0.433445302129
0.415489490544
0.490280503089
0.564006732187
0.405599507077
0.419068871693
0.388833149138
-0.383983938526
0.431028764516
-0.298869563622
0.398217948411
-0.52541552078
-0.391838917803
-0.3809628788
-0.388002489639
-0.386099956819
0.468451409929
-0.494475353339
0.469034210468
-0.47816962899
0.437317820858
0.429947202922
0.379895349042
-0.371644298666
0.507542227696
-0.472207002476
-0.317666024453
-0.420480809243
0.457111431375
-0.425040168032
0.339004649188
-0.401895657732
-0.4791729779
-0.246108530344
0.430989069427
-0.460247463631
-0.312261349995
-0.353138614393
0.436926826008
-0.4152474744
-0.491177898426
-0.435703773089
0.530409249288
-0.400329741866
0.496631627737
-0.444610981158
0.412407961297
-0.456183687857
-0.4012822749
0.518646369322
-0.433834292847
0.509681957447
-0.373709352014
-0.403336299773
-0.487373501419
0.380339876489
0.4043857138
-0.460274707877
-0.457368026046
0.445662952444
-0.434916652651
0.468243676188
0.518778296502
-0.476103228688
-0.461489900369
-0.427279874217
0.451454807481
0.433496465937
-0.41363816315
-0.395005472866
0.488183979215
0.405143748386
0.410567485764
0.481429759237
-0.407974034217
-0.387972394933
0.486311562748
-0.538959746888
0.457650194876
-0.445742022893
-0.400962301402
-0.403160931977
0.508609906007
-0.404291510886
0.409866020727
-0.403680732343
0.427565577894
-0.373494936064
-0.312309433058
-0.340883944149
0.37115808444
-0.433323306329
0.475392208049
-0.449705068168
0.46633564848
-0.425652724706
-0.363613448791
-0.437098917726
-0.499003014256
0.408014751349
0.420056557909
0.536244718057
-0.378489856971
-0.407348116014
-0.46025304046
-0.37052414371
0.344796707785
-0.390364124806
0.329844442962
0.376126963342
0.405502007608
-0.311085977025
0.500181025269
-0.416052442467
0.466067691915
0.440627963674
-0.383786350534
0.459451750188
0.436187728037
0.390948368386
0.436320346993
-0.375523697578
0.373576725062
0.41476592508
0.48995105651
-0.342795038221
-0.392426054616
0.494642787245
0.429844239074
-0.316550152718
-0.480536734734
0.390258826906
-0.458993917222
-0.410417803127
0.443351305941
-0.455764769388
0.39370742203
0.526801998554
-0.511590696705
0.37824498487
0.414616088709
-0.356176868778
0.429073030059
0.461230288167
0.500718897465
0.448050635996
-0.510602919495
0.394456132037
-0.359665603964
0.503242346069
0.368230054608
0.472985870046
0.446293932608
0.434113342065
0.451293823507
0.454222307247
0.508871538466
0.424307186311
-0.438544840124
0.424693784414
0.457536723405
-0.464646185077
-0.37895935874
0.481156664781
-0.421587152104
0.502658392372
-0.504703410799
-0.380007044035
-0.414229106343
0.436422606493
-0.449705002349
0.447078543206
0.402003997213
0.536467424514
0.47395458141
0.425000235554
-0.445679594839
0.333768170693
0.470684327648
0.422286971984
-0.411379489874
-0.510553502972
0.515510053641
0.512861944468
0.425266997244
0.425647109562
-0.465499540263
-0.405369657228
-0.456004179857
-0.390843962373
0.396579289097
0.471368896655
-0.442717925362
0.443983862985
-0.441375440458
-0.389111147229
-0.445887817625
-0.419033811141
-0.356246298251
0.456841670334
-0.413712640649
0.487833066648
0.438486556701
0.330864322928
0.463810912817
0.470608298691
0.40581985328
-0.39028380413
-0.387277310294
0.382651068606
0.407427107168
-0.321935889154
-0.361738695628
0.397512103694
-0.414607178587
-0.480154755149
0.48261367723
0.432840104918
-0.366972940124
0.465304446373
-0.413409119009
0.469665193022
-0.41064947232
-0.375699370505
0.451087614835
0.47245220614
-0.47141801422
0.368526866968
-0.393261527382
0.434847185246
0.501726972397
0.54465881477
-0.374337310676
0.445536771389
-0.46307054816
0.492827320996
0.370857270827
-0.420573556805
0.469194215635
0.468913061532
0.538168109145
0.389218010165
-0.429585484382
0.385846309874
-0.433751027149
0.397907689838
-0.359849439885
0.49861367261
-0.414630972904
0.505742751385
0.425208873226
0.382959562186
0.39743907884
0.505840142496
-0.444699228362
-0.420277226123
0.43149792776
-0.449384056344
-0.479935122312
0.422926433098
0.526092297854
0.519249741541
-0.386001371456
0.45054404091
0.482069246658
-0.3570147856
0.495854158257
-0.332123088
-0.311077616389
0.41742056509
0.494424320102
-0.422091794685
0.438878173189
0.430520916555
-0.491746932351
0.420690292627
0.501028133573
0.462675240651
0.46431348303
-0.477894057418
-0.480629379462
-0.465769348285
0.468735186893
0.458505645997
0.387258021602
-0.387064536706
0.401985059583
0.362348822158
0.407996026799
0.49669772793
-0.373155032398
-0.442245689121
0.471228242541
0.507774437088
-0.437797678738
-0.398142399609
-0.393476989395
-0.466360842399
-0.317228872619
-0.386514822625
-0.463600655276
-0.327049055728
0.366997638065
0.412723341257
-0.368619581449
0.370383588085
-0.422480814164
-0.371238611051
0.430099664088
-0.504172297573
-0.427131176142
0.472397086737
0.427868064385
0.367397119767
0.358781199023
0.492357418683
0.482415024507
0.408045934819
0.439154503771
-0.366497132933
0.481143960241
-0.418588293643
0.368904632025
-0.444010349948
0.434298396099
0.399510914192
0.442037165326
0.420063274081
-0.399548359104
0.467211351788
-0.398297828807
0.41719603607
-0.34575961012
-0.471101102908
0.435058158967
-0.372289968917
-0.439569139312
-0.335631624657
0.515695298089
-0.36555181989
-0.383300251736
-0.432579214969
-0.426910929919
0.406085572699
-0.348172369804
-0.408996073231
0.52126389496
0.427592488227
0.483745838187
0.400553515986
0.441113725628
-0.368987362094
-0.372578419115
0.52182233547
0.516608634485
0.406395359351
-0.453097468284
-0.369807027327
-0.38327582996
0.497693426331
0.403945254781
0.46175434569
0.360602229655
0.46090859344
-0.398397263434
0.351039346616
0.639842721041
-0.49228835018
0.457708388611
0.493214621767
-0.365879884953
0.519166839625
0.373698848213
0.455112900345
0.479497124839
-0.392403930584
0.488681196966
0.476484795208
-0.471000258357
-0.43979874444
-0.406463625998
0.506977173439
-0.460898865566
0.484111326858
0.520231335693
0.440745463642
-0.481348180622
-0.387378443178
0.430748538008
-0.436344363415
0.456720509547
0.449757270324
-0.463363620634
-0.424084042993
-0.459331399487
-0.422501369322
0.404612065115
0.362250318356
0.476334846405
0.415791383984
0.552175242095
0.372370403465
0.476982506162
0.409820122835
-0.370442118687
0.455077312248
0.369367260584
-0.401293630387
-0.35135042195
0.415668080761
-0.385789522806
0.53439931293
0.396229574767
-0.393031796525
-0.402615040461
-0.424850610246
0.352504229626
-0.395784108771
-0.435139953705
-0.407002145971
0.464037178023
0.562542808922
0.571852679569
0.531164801224
-0.384961245105
0.42456659205
-0.444711911404
-0.44674685336
0.464197346751
-0.42482328757
-0.390686848084
0.479083254452
-0.355388568577
-0.416772763979
0.457706367528
0.491293664321
-0.402732796836
-0.28724971215
0.440885712612
-0.34310104395
-0.437862142442
-0.426562806719
-0.458698659212
0.449657704142
-0.474205963482
-0.363434082292
0.459392109604
0.522245500277
0.399806285623
-0.399051397687
-0.533374788953
-0.469258498576
0.449315986772
-0.355734828146
-0.459882210116
-0.378216967765
-0.480032362548
0.500963111313
0.479005722881
0.439834205263
-0.370064665414
-0.392753012418
0.536571146934
0.396514179032
-0.323552709751
-0.36570639666
0.422720888035
-0.448273283736
0.449269201408
-0.384448761426
0.425505877867
0.458051044936
-0.320719954553
-0.439360504213
-0.2382637933
0.324276506646
-0.404445890061
0.4903509193
0.642938816601
0.467822569516
-0.378022613033
0.40713268239
0.457173407366
0.494039891135
0.449871520349
-0.366102697117
-0.402858806387
-0.409441504309
-0.498960773343
-0.53633246753
0.426198723674
0.398823845784
-0.354363684931
-0.418576712704
-0.443220568397
-0.452737890061
0.446357600555
0.456389591787
-0.374571174357
0.442407453739
-0.377823917754
0.465624456013
0.40485552695
0.463533665722
0.44863882653
-0.388162605364
0.480995659377
0.384821337161
0.500151452672
0.521071075074
0.481349891024
-0.457558479402
0.460296009234
0.486991455964
0.441978420889
0.416656479481
-0.430470277232
0.342941788471
0.513481660738
-0.359115568403
0.492101868218
-0.444154855807
-0.396739485205
0.511188184453
0.490674662482
0.423435807165
-0.410506486433
-0.387859364967
-0.431854221213
-0.457661987426
-0.393910816785
0.437056055935
0.525928951197
-0.367122207913
0.398568339573
-0.456360892948
-0.38688136475
0.393423989665
0.485003747727
-0.282080523658
-0.327579931426
0.374264675007
0.4200952012
-0.350504019294
-0.382749491356
-0.397624761253
0.402322216958
0.419560930221
-0.349859367932
0.467316245549
-0.464849237755
0.420731471691
0.424837831778
-0.375186948163
-0.450285281707
-0.325547330505
-0.445851298227
0.488441783045
-0.337262584114
-0.465482659105
-0.352486498678
0.388433422459
0.403501879251
-0.45244741033
0.470335234837
0.36199871874
-0.374570003553
-0.404208173493
0.441098444783
-0.360876267103
0.419337455927
0.446898324513
0.500137997435
0.371618638886
-0.379664120451
-0.463885974195
-0.467225254959
-0.435451416223
0.536825310903
0.552448361058
0.483121695637
-0.392765467993
-0.470228114495
-0.393285775968
0.39835168295
-0.398938403475
-0.378128634013
0.362559302198
0.503226171447
-0.495689868844
0.303123127054
0.352411078182
-0.42519122111
0.398894380754
0.48126529443
-0.418774624378
-0.353839164615
-0.524846580333
0.463419725205
0.444475015625
-0.434778497595
0.45391736126
0.367257994954
0.482374603492
0.425626378141
0.54214881148
0.452076188487
-0.405482710794
0.433652556351
0.43974790338
0.341276212565
-0.346483564384
-0.413639235494
-0.457662011305
0.448340492304
-0.424446521495
-0.38572098063
-0.411166269578
-0.321469337152
-0.355567196393
0.373408925571
0.473446275917
0.465617200863
0.423385717663
-0.412060074761
-0.481686552183
-0.388788457936
-0.374919302725
0.37465009794
0.555768366534
-0.443481980976
-0.436348917597
0.359443869589
-0.409174455938
0.424880365646
-0.468921612691
0.380903763451
0.375918914229
0.502828529515
0.470693730276
-0.323685207994
-0.40893839475
0.417655044324
-0.416937023401
-0.378048728671
0.485937191415
-0.413705156614
0.39400530138
0.39301549574
-0.45966607947
0.437834861665
-0.436791973455
-0.447942115143
0.353408314539
-0.416341287922
-0.424038264355
0.414579155511
-0.496246097022
-0.330245944184
0.378841940461
-0.394124273923
-0.511728976705
0.43228700142
0.578408439896
0.467184546392
-0.359593630348
0.386914102071
-0.39974168671
-0.388913472689
0.527781789309
-0.450699034833
-0.430562621254
-0.388935483781
0.462483111134
0.49876230361
-0.372184238777
-0.374658931557
-0.447850295447
0.344648930199
0.479489022838
-0.402764287684
0.443593657512
0.456684744825
-0.395591430396
-0.414428222935
-0.42537804641
-0.410817744253
-0.273315000291
-0.452193746098
0.455214165141
0.369133284913
-0.35452603192
0.404140909965
0.453298889863
-0.421532161352
0.460107816678
-0.446348776894
0.399517530161
-0.34194410156
0.398217135463
0.352170848897
-0.461568348019
-0.400287717281
0.415039378375
0.441393816156
-0.454450301576
-0.325164509948
0.371347570683
0.461310363728
0.402720149189
0.440691234209
0.460488741591
0.357872367628
-0.426028921901
0.366730981856
0.54480751039
-0.378749055321
-0.381339237885
0.48075889524
-0.391529212123
0.385355985288
0.363862487697
0.406524516452
0.384332390629
0.453278675821
-0.391810662089
0.553417453579
-0.360770873002
0.487463632345
-0.482523047124
-0.447390719589
-0.454030304438
-0.330816305911
0.464549584381
0.441855466056
-0.369399352286
0.455805826729
0.439537207018
0.284782029066
0.451543320734
0.497118710366
0.490581463782
0.362708115975
-0.381598218377
0.471461411752
-0.515718848699
0.407089215689
0.393403851438
0.504184863746
0.436527716787
0.302025218699
-0.397973198994
0.506343148061
-0.376410002974
0.513291138827
0.444316710525
0.466545795203
0.443754804513
0.375612476279
-0.400233563371
0.449767641782
0.360929004724
0.342783756864
0.431149208541
-0.536419529063
0.426003348803
0.473779074611
0.378398997811
0.360135326513
-0.426005237011
-0.396121510802
0.364047702429
-0.361606228304
0.495702751159
-0.40309931547
0.457575600627
-0.451120137246
0.493675223324
-0.458323639583
-0.409959913793
-0.352878383304
0.455897363782
-0.49366112396
0.45222830353
0.519125195335
-0.357057463136
-0.354585669786
0.503729421472
-0.3357486349
0.416079967743
0.573230685841
0.470022389429
0.291118995595
-0.395922429824
0.450782865074
0.421024055132
-0.476184247383
0.494037684673
-0.397237458963
0.438686152175
-0.425270119581
-0.480371599811
0.395660761965
-0.408843659868
-0.436371692404
-0.38661828084
0.463577203807
-0.503707807717
-0.552505930704
-0.492430773798
0.443604364818
-0.421261773656
-0.344285061037
0.356825445367
-0.470013985486
-0.381655680186
0.495929504953
-0.400335762707
0.428835332901
-0.401530025015
-0.605560173954
-0.414928440756
0.488399435275
-0.407597595217
-0.34667578163
-0.372429383152
0.448900160219
0.403207308771
-0.452338681773
0.541901582775
0.401991319308
0.415531053633
0.386339928402
-0.399508307781
0.430467795782
-0.432858855748
-0.403612531091
-0.394314439666
-0.395131756513
-0.498396637651
0.478516432145
-0.401762908565
-0.382637379831
0.386518435059
0.466976945464
-0.368903868302
-0.396841579894
-0.383983348995
0.425046854644
-0.483130843246
-0.453608682512
-0.439103588371
0.396413743587
0.529647162898
-0.319378870348
-0.447772215828
0.419861691621
0.455092842906
-0.448832243206
0.465436306356
-0.368384250241
-0.399546120901
-0.384675853334
-0.357636839606
-0.471179530649
-0.410250841838
-0.419211678262
-0.387001561073
-0.46224207078
-0.414091518326
0.512448847751
0.395115971942
-0.346382682704
0.45865490432
-0.41391889479
-0.467267078201
-0.418298109557
0.34737104543
0.447971236478
0.459315659047
-0.341823669615
-0.426203515716
-0.441202927438
-0.443927247257
0.404403481789
0.558408792044
-0.400771477322
0.484239771504
-0.315193950808
0.529453405474
0.477352274929
-0.411023023584
-0.385494777481
-0.4429639055
-0.331637651097
-0.40407559988
-0.364399312753
0.468315841771
0.552392333604
-0.337621480234
-0.474830123119
-0.371829367125
-0.459917751111
-0.414563919147
0.417653442016
0.479856570433
-0.360713592647
-0.445884485728
-0.45242358837
-0.451322142521
0.450827479239
-0.539787764799
0.509370274618
0.469032795118
-0.41666963648
0.48579424777
0.473134431019
-0.402292253915
-0.349625804985
0.501149981496
-0.527521260611
0.415001321933
0.465101105033
-0.40026135448
0.474598720067
-0.398392269028
-0.378392475937
0.433858228008
-0.448855055112
-0.51090892196
0.390373791468
-0.435505376246
-0.547747364361
0.426222700445
-0.432658139324
-0.343095070499
0.520893482474
0.466539327476
0.410401570136
-0.391100161459
0.426196749423
-0.306280162935
-0.382250672931
0.368606490843
0.50662573572
0.423930746018
0.390670258285
0.530676614166
0.486299332528
-0.454017021065
0.42968580346
0.479276253697
0.467474506184
-0.452266553385
0.447821642992
-0.398267463287
-0.448759199421
-0.421579947935
0.324478187509
0.532007418361
0.422398006974
-0.40556697216
0.402593824985
0.475668838545
0.342481939502
0.470086051334
-0.371050459232
0.439871643187
0.425698114618
0.426470831677
0.474490364825
0.425954412497
-0.423128639787
0.420874945087
-0.384391619511
0.4777570409
0.426105825025
0.468713985127
0.493918976965
-0.304250355284
0.428676789171
-0.419820926238
0.390415481845
0.416959367557
-0.415444869821
-0.444653002684
-0.518207130086
-0.381587859854
-0.413371664207
-0.462704719618
-0.475005555823
-0.391718422841
-0.429578495435
0.52955513407
0.408646424433
0.480989848052
-0.33619630396
0.572203823197
-0.408376373842
-0.409826344509
-0.419820313255
-0.482791054767
0.3650530938
-0.437939638575
-0.421416537151
-0.411478645105
-0.42062889497
-0.466988300182
-0.342863338548
-0.4007941966
0.31637854573
0.536664631009
0.48275445801
-0.418207709284
-0.37691139533
0.440649898597
0.335582911135
-0.505722716985
-0.320646534007
-0.467986485662
0.450167966375
0.471623410818
0.385222601207
0.351113039081
0.431468775584
-0.471560514115
-0.383593824299
-0.440016150271
0.540649308784
0.284040284558
0.498610479394
-0.439068847202
-0.400979081797
-0.415083680678
0.390057141676
-0.505846137826
0.482781595892
-0.435894523773
0.514329832658
0.371483837183
-0.400707657566
0.458829946579
-0.335689746845
-0.477671173534
-0.363530295557
0.502696774077
0.431600729519
0.525126316867
0.502249508516
-0.360659377884
-0.318207226651
-0.401340387845
0.428584768507
0.485412172526
-0.418544555025
-0.519608598765
0.453762068896
0.491797120299
-0.410645489122
0.468186167459
0.495583418951
0.472774443385
-0.453569777456
0.534934474717
-0.42795615966
0.534316147637
0.456497888566
0.485638346981
0.438127867818
0.475489425106
-0.397591321143
-0.381525147353
-0.486286194419
-0.441141096711
0.410439305295
0.584829654987
-0.369702342238
-0.381279391695
0.421599868391
-0.444892467569
0.420131741159
0.402500120024
0.484885328233
-0.407533726431
-0.500993922633
-0.407802888547
0.442105277382
0.577222949469
-0.462853927857
0.495525243449
0.473853253277
-0.37062986173
-0.45443147879
0.420150782314
0.340390711119
-0.34259824895
-0.386883086829
0.311566254928
-0.379503657427
-0.425686675206
-0.428380655029
0.460753684476
-0.448560568957
0.47095234526
0.44352697016
0.539407134207
0.417508661698
0.368744621837
0.531570927819
-0.395655163424
-0.571944204023
-0.331881897105
-0.472453476027
0.371408247195
0.405383992956
0.480352247499
-0.349644735233
0.447136055667
-0.454852846319
-0.376757802627
-0.391372954676
-0.319822817551
-0.44091761535
0.478359718351
-0.363675670292
-0.493921434909
0.400148768706
-0.388545138338
0.445465436515
0.447131551075
-0.32465152566
-0.407509134911
-0.349793129732
-0.467716497732
0.348433440062
-0.424233767539
-0.480593561316
0.466205271006
0.421489327934
-0.442333278861
-0.512974817351
-0.355555940163
0.382733164329
0.50077443015
0.430777711658
0.461977015253
-0.331697444656
-0.468354953675
-0.408725506014
-0.428761886232
0.437919942796
-0.355914375054
-0.476428678139
-0.504592817466
-0.455968257836
-0.44141397597
0.452372209844
0.404294228486
-0.379814302363
-0.380378732137
-0.467755926373
-0.35520946903
0.475770809382
-0.381708624263
-0.390278238342
-0.446006424996
0.444098528851
-0.435658530113
0.446298869658
0.406033814673
0.359978198155
0.433207424017
-0.475440893879
-0.503171469537
0.428072474849
0.386145852196
0.417403204604
-0.396999438915
0.489551772921
-0.366695496469
0.498345816976
0.388145845674
0.459909782054
-0.426174223389
-0.373779667958
0.382589313282
0.459249387959
0.482772546576
-0.361308046379
-0.376176416727
0.512406334835
0.430377066913
-0.370005090999
-0.295622715166
-0.360893538884
-0.403941188854
-0.510454324329
0.4393986363
-0.430065256713
-0.365418737927
0.434266537723
0.527112669937
0.374287374863
0.444789163685
0.376925083209
-0.311412259448
0.494147005088
-0.459506365609
0.43482734242
0.451520240539
0.450158158269
-0.397507987092
0.508401777424
-0.45311330119
-0.502426058722
0.452017056559
-0.416236564409
-0.305605506492
0.470228487945
0.480933049998
0.421266815613
0.498441157682
0.524610641341
0.494466977012
0.445661880428
0.405294071732
-0.438841656797
-0.434154077752
0.464852621894
0.547469414205
0.479648216091
-0.426734640432
-0.411426866572
-0.300940415022
-0.377690732928
-0.489041226921
0.48042905138
-0.489103558897
-0.29490293457
-0.452856688732
0.418985440615
-0.428806448926
-0.480469975885
-0.456990223504
-0.522562104318
-0.472903289925
-0.451558886867
0.502131770549
0.494398298424
-0.382191014819
-0.454689560289
0.385963194379
-0.415407958431
-0.39310791825
0.610906115192
-0.340679864526
-0.407847286752
0.488588932163
-0.403824401043
-0.491266996395
-0.419978906897
0.4585105051
0.4318929579
0.503517952824
-0.358923577801
0.335349516736
0.435632787711
0.475625495176
-0.362974647896
0.426049263796
0.559175466282
-0.432492910366
0.378059184358
0.442683086258
0.339045001701
-0.465252758289
0.342601896557
0.28692223044
0.473419200802
0.455128976076
0.4578803036
0.343901943759
-0.309964976806
0.520743320502
0.490089960274
0.424456516549
-0.387263308512
0.469534642558
-0.418621412838
-0.43397266304
0.397431206973
-0.355505701134
-0.411379704524
0.409312922841
0.453042245275
0.436779081904
0.478522873495
0.450015626612
0.384067718733
0.407333815755
-0.287866395201
-0.398432774648
0.475042582689
0.294624133098
-0.414412276678
-0.319453093625
0.450754166066
-0.464721646723
-0.398791909322
0.442608906029
0.45727802182
-0.304213026584
0.43006993412
-0.408425493645
0.406066982515
0.382509957557
-0.364913694116
-0.41044996657
-0.391061377882
0.309997551358
-0.397833128803
0.47704309168
-0.495960510344
0.359506625306
0.46151178432
0.54926232746
0.411183867451
0.584172470455
0.342468785556
0.523741458016
-0.440531513831
0.504231298711
-0.501817262287
0.46964655995
-0.50355960691
-0.443286720645
0.476738457942
0.366795031905
-0.375560192248
0.439740493261
0.392928293242
-0.456756712976
-0.38926335511
-0.365797230304
-0.556417562199
-0.341947818663
0.327867525844
0.497289004411
0.473529947407
0.48896001652
-0.511726699853
0.389668275644
-0.496424499959
-0.37565783103
-0.438246908936
0.390506146019
-0.451270140269
-0.500283742882
-0.396959894576
0.446878227458
-0.388340127674
-0.387981322484
0.420611367001
-0.406737443894
0.37318132765
-0.439089584915
-0.358589004762
-0.472797987631
-0.457571607177
0.512053426637
0.416014929889
0.47225094531
-0.394437162684
-0.392661626371
0.403563639262
-0.324361616951
0.40093613841
0.450336721063
0.549418779602
-0.44450666542
0.441438160183
0.442891148863
0.430203791184
-0.477805806331
-0.464720142439
-0.432422894611
-0.431381369563
0.386130268334
0.397337778711
0.408194510135
-0.387843284946
-0.356718209163
-0.448866133989
-0.406848536613
-0.37723744556
-0.438291910345
0.428912566169
-0.406818224975
-0.366666835507
-0.373808356377
-0.423503318911
0.352291345817
0.531648888073
-0.413051514473
0.496892492401
-0.342965842395
0.407936640595
-0.437834631381
0.558127220153
-0.439816753795
-0.396562522794
-0.411058901731
0.400687191245
0.489933199811
-0.369878091214
-0.447565119425
0.497603416728
0.501773857622
-0.463273905258
-0.516409171467
0.392236703996
-0.358863956647
0.376145057376
0.371786627085
-0.402911036256
0.47172668943
-0.340235835752
-0.4502088847
0.431300329847
0.431608788997
-0.440703068766
-0.422389171863
0.391188433548
0.465905494076
-0.424454804058
0.456434347914
-0.305508468144
-0.55718388117
-0.466952190272
0.516685344915
-0.351303315711
-0.300554251817
0.3615302579
-0.528536705106
-0.36860075588
-0.467863789606
-0.499624191986
-0.411893666784
0.471149730092
0.445613085497
0.37084704863
-0.423419210936
0.460809759118
0.40276366968
0.439932937778
0.545954591686
-0.35411820961
-0.375433569706
-0.458193580345
0.489896824787
-0.398217899697
0.497254811403
-0.416940461265
-0.453995186127
0.421302095382
0.481347979987
0.400309062433
-0.496731813719
-0.499273396658
0.425221666641
0.476695478717
-0.321386230945
-0.454335277951
-0.321946078629
-0.414212838107
0.380581080445
-0.370014107641
-0.409883804945
0.438492664435
0.417587517203
-0.33563246175
-0.372470469749
-0.469061870323
0.368269164938
0.430877362417
0.463901173821
0.375118937918
0.427018815141
0.51023609842
-0.358935543036
0.430024958949
-0.447152255619
0.339513521891
0.304680852072
0.472180726114
-0.431943006875
0.407715284509
0.375536264442
-0.458145410538
0.446668402389
0.398434150581
0.377916116296
-0.410770660239
0.534342276222
0.412177997209
0.432530259978
0.527283878871
-0.41787252811
-0.445255456208
0.442860124831
0.465750210448
0.384211524189
0.481072771059
0.405130413339
0.518131387161
0.43803854723
-0.400179334218
-0.418711761337
-0.43909306332
0.466165917122
0.286961007931
-0.441744762489
0.396248865053
-0.468890469617
-0.330629343672
0.469682439936
0.558625587539
0.471561805447
-0.348745499835
-0.388125213043
-0.342496624937
-0.343597804533
0.46946326461
0.464614898223
-0.460899609258
-0.431408384026
-0.39067944292
-0.409922116024
-0.360623114644
0.519799079747
-0.484588656114
0.429157388833
-0.428679393378
0.401011093039
0.395811109283
-0.476450020127
0.364288945496
0.421119747083
0.447313883732
0.397711022595
-0.426751999727
-0.384325592631
-0.409892455488
-0.440013488584
-0.417113146088
0.421830617622
0.462927830376
0.43670455224
0.341066456063
-0.462593265218
0.397520161059
-0.43433762204
-0.369972093045
0.450495355406
0.345267435846
-0.42633423582
-0.343841718168
0.481855311398
0.570047102725
0.466486431588
-0.423788449478
0.478115233508
0.425212450304
0.432652474004
0.524063891774
-0.456074580114
-0.375989695938
-0.406233727068
0.425418772426
0.506125817971
-0.432563810976
0.345867524232
0.519826598178
-0.405785523998
-0.328189694907
0.528600906286
0.35494651147
0.417351694139
0.423940555751
0.592002835693
0.342546407679
-0.428112912935
0.413385639725
-0.453902116136
-0.449787003556
0.473068542367
0.50390815336
-0.506738893484
-0.369906303526
-0.417198346879
0.542580551868
0.422183855175
-0.433092022148
-0.466739113183
-0.461172046782
0.360925059665
-0.439920040357
-0.347791082606
0.547015981358
0.449134964203
0.509255474737
0.442655330426
-0.487200828113
-0.434121441607
0.42074813988
-0.418143124404
0.389363746172
0.424436285939
0.453165089508
-0.397199050524
0.459694528421
0.510548583561
-0.459655107372
0.423047219837
-0.379008747093
-0.463810465563
0.490100780384
-0.401909943948
0.428553169672
0.380640344816
-0.487328321139
0.452709143957
0.391687526402
-0.500739638324
0.441623718832
-0.432962616134
0.410156087095
0.473000725082
0.478427861518
-0.404897601679
0.447770661237
0.306407761985
-0.446433646301
0.448062709219
-0.450505279061
0.42091887767
0.462018160769
-0.421270739275
-0.36628103338
-0.487021614994
-0.440729961159
-0.369082128662
-0.373128712969
0.410709716842
-0.335156301051
0.38414520794
-0.476894047786
0.424777300313
-0.434829725793
-0.511769830117
0.562325985341
-0.421407966814
0.521401498129
-0.50165602077
-0.339029740747
0.495746211701
-0.444753312052
-0.441752726877
-0.45631438676
0.486395669496
-0.434294335271
-0.467611856389
0.470884034706
0.421131438201
-0.448164400752
0.538999914309
0.45682203861
0.565381287914
-0.449882346916
0.424422818298
0.459260258012
-0.436101495582
0.42973467625
-0.440512227734
0.357722427973
0.462440328003
0.502961105164
0.465977165345
-0.488657870545
-0.443134101424
-0.387476362889
-0.545250637972
-0.379709472046
-0.371344936103
0.357472207526
0.45226130631
0.428235822612
-0.431244956841
0.391394370133
-0.438524198884
-0.367000453934
-0.417103854544
0.418302953899
0.47055128455
0.450481797242
-0.327902713665
-0.370821090769
0.464545666295
-0.425687108617
0.45479763802
0.398451031671
-0.373899812406
-0.38554721815
-0.332254302717
-0.436334292215
0.441215429234
0.424783591792
0.484245836343
-0.372112957705
0.468753871978
0.51750289629
0.332435105416
-0.421685395727
-0.531987203246
-0.382778258172
0.454225388252
0.497186826024
0.442260059918
0.431344349726
0.43234170601
-0.390990480501
0.368311558214
-0.480094199909
0.490093109387
0.314750729022
-0.398744219867
-0.454765959674
-0.398304421895
-0.447309845349
0.32809711587
0.435117025331
-0.4260701473
-0.479776795069
0.400960255212
-0.34525679
0.393044840936
0.385971551464
-0.346638847619
0.460194964072
-0.436593940506
-0.356979963007
-0.419980134191
-0.319922224244
0.398856670553
-0.391613415696
0.447476571023
0.418950731041
-0.448827001027
0.496858175151
0.410422034173
-0.379347199158
-0.467386801075
-0.336383679984
-0.488054044716
0.374838580687
0.479215232778
-0.453336566781
-0.443072568216
-0.437596465961
-0.389354316287
0.430891096649
-0.42807822553
0.43631692159
0.451113392209
0.390612745584
0.35461305647
-0.450914029503
0.332654553647
-0.448159865072
0.528583990205
-0.420312476115
-0.409929076625
0.43251957529
-0.453080392793
-0.411037512166
-0.397656480728
-0.423653384282
-0.415402605598
-0.438647209228
-0.374118153044
0.445566364255
-0.403566841831
0.36696678221
-0.412533629582
0.492771754555
0.452046063401
-0.40751080262
0.413988544037
0.391272363013
-0.39644696083
0.443912889972
0.410110350889
-0.431368246752
0.508890540613
0.316885245693
0.388861521571
0.442363198678
0.463671164479
0.352091595327
0.435706830523
0.459727234762
-0.430198762985
-0.471801093043
-0.391630613489
-0.356352281096
-0.423060467313
-0.387334508627
-0.417177041678
0.470143196327
-0.491873399899
-0.422342714407
-0.393246727803
0.471324670885
0.445713740604
0.501572515361
0.433291126943
0.536847030165
-0.456166757901
0.418626479647
-0.446643423635
0.492503991274
0.397744721303
0.341824727806
0.360286457807
-0.391000305266
0.436684294912
0.441672020883
0.342192001384
-0.477894498241
-0.398680694339
0.430291846967
-0.50305443056
0.357220340976
0.397609586043
-0.374902341133
-0.32051120391
0.468864098101
0.456212069003
0.473056964814
-0.432425858898
0.44754335728
0.483680989827
0.518550281427
-0.494774961014
-0.431825686692
0.43275844802
-0.40156195315
0.45193095374
-0.375062861827
-0.477834099426
-0.41277572092
-0.396032701707
-0.408529094209
-0.385140428044
-0.439026160004
0.482239871554
-0.356064991466
0.446119772745
-0.432091135517
0.432422981732
-0.317264192477
0.393489777208
-0.414227058676
-0.372971061101
0.431274862475
0.44333768947
0.406868287841
-0.505088651247
0.385693949247
0.389235917609
-0.47761865192
-0.339790270081
-0.419040506843
-0.434387582936
0.43288241863
0.465909513107
-0.399472536327
0.443101093509
0.539040855966
0.422597667588
-0.39583695879
0.376473692043
0.568308164731
-0.370746800423
0.449388664697
-0.475922540429
0.434723315179
0.453916482511
0.438226014207
-0.433992054309
0.452258648603
-0.383087198911
-0.34922327982
-0.45730985868
-0.440665976912
0.375741275286
-0.441425679749
-0.539366210276
0.474088200674
0.345095423828
0.425442794046
0.483849628731
-0.397422381835
0.540934316981
0.4109988056
0.43843977217
0.38700848906
-0.463999202716
0.515262440228
0.334302616612
0.442586909575
-0.374353780118
0.406744001078
0.521178863123
-0.339633514542
0.430008130732
-0.50557839946
0.386319806048
-0.544812719895
0.418541808405
0.355876347128
-0.346993042476
0.414292588666
0.478624711432
0.460122656255
0.387105448095
-0.411435273961
0.52076494639
-0.467442537975
0.465039174709
0.398262298449
0.548645487156
-0.283711681994
0.487990768527
0.456944852382
-0.430562339706
-0.350808616675
0.510236722518
0.315196370663
-0.428457451155
-0.393714688404
-0.510601623892
0.412397690827
-0.393973876209
-0.382036633502
0.468631703562
0.47584764875
-0.361499654261
0.486262343058
0.401410895211
0.416901386776
0.478427405246
0.472323707269
-0.473700819053
0.348674336631
-0.397241105429
-0.33339636896
-0.400954514838
-0.417026791735
0.511191739363
0.451598328869
-0.382456643101
0.467098759067
-0.45834253423
-0.471515510657
-0.358918990677
-0.382062629137
0.420796990957
-0.395235556905
-0.415420369084
0.426276357147
0.355305859598
-0.355247741296
-0.39052522936
-0.424054434374
-0.415325750833
-0.386568796264
0.43152291516
0.463124586283
0.487781616777
0.338624996098
0.44623489108
-0.513629139323
0.426986528454
0.380408201574
-0.320636072617
-0.43226339702
0.448560998875
0.330230460168
0.510178763379
0.43406153225
-0.32619216292
-0.419265301275
0.412498864369
-0.39932624967
0.425717149163
-0.503959324252
-0.359687394839
0.485946238698
0.452407800159
-0.381074102937
-0.387641339007
-0.292067189076
-0.450715163847
-0.404301062269
0.432229144411
0.432501170911
-0.415192323288
-0.478817814633
-0.477375416924
0.42811996867
-0.368124791545
-0.446930251146
-0.472853979687
0.565101176595
0.42552881578
-0.385183842219
0.563440700618
-0.473270455749
0.318385600025
0.440592952135
0.424309940731
-0.370134081061
0.520822852533
0.438734695622
0.405268350473
-0.42313821642
-0.463585381775
0.307186276722
-0.47172613985
0.415975607545
-0.344161842272
-0.450359639544
0.480243747103
0.526260116889
0.43835557084
0.509156646984
0.468709419235
-0.476145817206
-0.451481988731
0.382404578839
-0.471976774124
0.548909151905
-0.367631801936
-0.441261644069
-0.390381664479
-0.409140127853
0.5023743696
-0.399910341931
-0.441578100626
-0.455271074208
0.421586508504
-0.475521649556
0.454610720473
0.457809362654
-0.472484451084
-0.454480072608
-0.386320875218
-0.395518558052
0.438499609824
0.384217829379
0.45946882116
0.493606921985
0.408756411313
0.411572483059
0.384080607914
0.390858121871
-0.372299210801
0.452610001238
-0.348625029564
0.453759084093
-0.413525378759
0.561915514144
-0.374067805839
-0.573526761851
0.424034382003
0.389484970808
0.348092025062
0.558924553711
-0.466404986134
-0.362674003338
-0.453761933222
0.421011838541
0.353984933256
-0.455281342878
0.453082542863
0.410928770523
-0.421887444137
-0.495000732051
0.495229036176
-0.44759006125
0.394997033572
-0.480360816368
-0.409561601399
-0.361372487594
0.465888239631
0.427071604397
0.521307654942
0.401127210182
-0.358764624546
-0.396985982087
0.399340625216
0.406688643368
0.461803765636
-0.448143389721
-0.432598215688
-0.477822886114
-0.489758258238
-0.332275301401
0.408379941828
0.507925995977
-0.323530391128
-0.46475272867
-0.462872193749
0.446953881102
-0.514895594137
0.435648008512
-0.407110746186
-0.430544943301
0.477196773013
0.442762637954
-0.388332942817
0.482000392203
-0.344696408015
0.460054568042
0.485335989223
-0.383681670196
0.453782567094
-0.428215297731
0.506868005619
-0.504334640825
-0.368736242218
0.484126428949
0.468957725121
0.430096081257
0.373506769973
-0.449867471376
0.451575166055
0.490332516227
-0.443890023706
0.45545302629
0.477030220685
0.392009229412
-0.383863943042
0.363262759924
-0.457665058765
-0.332568052848
0.520609578293
0.432958351108
0.469360923375
-0.413058339623
0.448433391799
0.477532746626
0.425883933878
-0.404144184219
-0.399656607426
0.479250244757
0.398983906231
-0.500216219476
-0.421463967982
0.473533722489
0.461091088845
-0.472582957688
0.475044454852
0.429087334037
0.469105480208
0.44898736843
-0.382672055394
0.480502062318
-0.404902375666
0.492383326278
0.424312645448
0.445052417231
-0.3209727608
-0.479180867056
0.465557662811
-0.508398084871
0.378092430445
0.448091162235
0.477704674236
0.456150065725
-0.45168182817
-0.348467889826
-0.427542806216
-0.371694687424
-0.39204018085
-0.462917637276
0.422273188123
-0.340786196189
-0.376598205412
-0.385114531375
0.441115973515
0.417368788656
-0.420499794987
0.365282995514
0.364189464403
0.437408060131
0.36336933423
0.405707716836
-0.466724395858
-0.476725319067
-0.465922791897
0.48879461049
0.447904929297
-0.375239440894
0.50263599049
-0.396906168477
-0.33916140379
0.511783395181
0.389073496283
0.441336868683
-0.45531376097
0.446646040828
0.514513064916
-0.470245231521
0.348735129561
-0.424314240094
0.40057977668
0.411590032649
0.45104618036
-0.511264906332
-0.376708055142
-0.416758761995
0.414772568829
0.449955436493
-0.334263419534
-0.443775205279
0.353692648441
0.404855358408
-0.442666855368
-0.443236125918
0.367309288099
0.360906221545
-0.390240387304
-0.456284748418
-0.414047424642
-0.462370125032
-0.467075127804
-0.498954758787
0.569747926491
0.446006313607
-0.268153213431
0.366605546517
-0.507652947079
0.465548558535
0.405119088184
0.478704969713
0.298924745169
0.473111314652
-0.349181109243
-0.420455116296
0.400572503282
-0.508764843298
0.356635682128
-0.385356447934
-0.46037769436
0.409344354277
-0.455632450006
0.398829092711
0.52215902791
-0.421465786526
0.499083720215
0.401571758359
0.418563069084
0.42697827136
-0.32822746542
-0.433769799652
-0.442823935552
-0.394233150344
-0.427774753276
0.488192032585
0.399726009097
-0.47620167863
-0.415635475962
-0.30823601171
-0.352697606967
0.397801248114
-0.415229581607
0.452219589036
0.388661183696
0.489508208115
0.478308874134
0.396912449829
-0.450567650727
-0.389426321044
0.454711892992
0.484598886325
-0.346118319965
-0.393155490182
0.453337512416
-0.44283660227
-0.39928873998
0.396258743963
-0.451405531441
0.428518302225
-0.429642321481
0.396263914462
0.441444028114
-0.451928264098
-0.434353613351
0.49758425167
-0.45857638332
-0.497982943837
0.507399740471
0.41684204281
-0.354082846603
0.390133321047
0.321315068412
-0.4152839405
-0.368524668205
0.469928313342
-0.462196323241
0.492526178066
-0.379510218623
-0.445299507576
-0.407515367752
0.416371457344
0.405953094276
0.348727225545
-0.404320393927
-0.41609215604
-0.458831508308
0.457687221945
-0.31629208209
0.434364195028
-0.369240629581
-0.418911175026
0.458129474086
0.469214389782
-0.41895071642
-0.425150958959
-0.398788458778
-0.359286625033
0.422597368051
0.437297254301
0.470850194751
-0.469008775477
0.525526912709
-0.412996492807
0.351373952391
-0.432698878712
-0.466814059525
0.46416540847
0.370134709353
0.461549266133
-0.493690492654
-0.4400265173
0.410417648315
0.400462960773
-0.498073418487
-0.389116849912
-0.449879776087
0.386510338829
-0.232688315678
0.491253715518
-0.353164362916
-0.512321591198
0.382916837802
-0.439316277134
0.432633596983
-0.360427185195
-0.507414642326
0.368728767716
0.44575151013
-0.424947630645
0.480724721247
-0.291771638269
0.459889601922
-0.339583002331
-0.389528253352
-0.377218747215
-0.457797105325
0.46133565579
0.491201046856
-0.428305691136
-0.467065284437
0.446550314256
0.505042394554
-0.353544822037
0.389357644722
-0.410579155485
0.348811459751
0.295057160753
0.333597918085
-0.443919002233
-0.477561337628
-0.312307296238
-0.470047249312
0.458447020624
-0.450871799947
-0.357732959204
-0.40978165666
0.407696432203
0.453396763128
-0.506046761389
0.439210880977
0.513413189894
0.442621454472
0.442681364638
0.431854391718
-0.404609444178
0.423495272461
0.470301410454
0.428385482842
0.466000901318
-0.457042712273
0.513903522677
0.448153466082
-0.39612509044
0.610488739925
0.5092572159
-0.397497736212
-0.41729776225
0.460404319766
-0.393000488301
-0.324711423662
-0.40544458275
-0.383786185123
0.457692367602
-0.390563114252
0.471903927087
-0.386254073008
-0.317192706481
0.393001056628
-0.508295588088
0.403172478745
0.422042473429
0.531887048964
-0.50432483271
-0.477109105343
0.425133600165
-0.379548306696
0.484585380404
-0.365971593819
0.398595456662
-0.479651640247
-0.435488631362
0.440026678718
0.471121599686
0.432303378972
-0.359862475376
0.319982273428
0.365978695035
-0.396012227744
0.450359643839
-0.420743648329
-0.436559308193
-0.381458011156
0.514042333109
-0.481533748906
0.431958909433
0.446944607729
-0.339802449857
-0.399996545101
-0.430496385647
0.398694075994
-0.400382676792
-0.365327512482
-0.433729879251
0.331400575937
-0.387697320558
-0.453861405517
-0.336480662962
-0.362831202066
-0.413625311671
-0.335177554685
0.40177107162
0.343773858002
-0.42203332428
-0.421813541298
0.458948521404
0.48935582865
0.510457754192
-0.400070908102
0.434800160297
0.400789393053
-0.355473798352
-0.434031073765
-0.498841987731
0.435988719201
0.468496019589
0.428526651939
0.392233561367
-0.399098265813
0.465746711585
-0.401998665786
-0.439641196174
0.493584856216
-0.441558570016
0.462704717428
-0.328698624154
-0.380548272076
0.487110343916
-0.406497620836
-0.37596141224
-0.351918167607
-0.401733733908
0.407454387891
0.489509452458
-0.425141294519
-0.452646712317
-0.417634380364
-0.487758471606
-0.415499727273
0.40484138327
-0.372711652129
0.488065033529
0.488841351776
-0.418626904826
-0.362793242542
0.497896955494
-0.444937749437
0.4095118572
-0.355212736848
0.505304456486
0.413036719385
-0.400652950462
-0.395018640206
0.413443245074
0.338880709919
0.402361473873
0.407519622156
-0.448235828216
-0.47517173324
0.45782472298
0.399486435109
-0.365097362172
-0.42600032381
0.477295223242
-0.508447376908
-0.377379134035
-0.474032272197
0.407767496365
-0.41849577978
0.372268336872
0.42965535331
-0.412618060544
-0.425500177531
-0.426903772598
-0.367253791099
-0.417268853574
0.453728403527
-0.36157272962
-0.387904993
0.42925528829
0.509190374872
-0.38910140034
0.518359788771
0.476478113495
-0.4682063312
-0.410375944025
-0.385191475847
-0.478643404022
0.423190143708
-0.375069623081
-0.499477859051
0.369706222091
0.517187743863
-0.403790901778
0.511058924996
-0.462232741717
0.427325138494
-0.417741276015
0.492216948157
0.523861105377
-0.480218534153
-0.401902580532
0.334597972523
0.424950455887
0.384740964717
-0.508566272815
0.459562898077
-0.375095194588
-0.42440398793
0.383614810076
-0.416739079958
0.447194361873
-0.408596108935
-0.34212743748
-0.364823118352
-0.400074511236
0.491057086261
0.437585626059
0.393393062423
-0.542562537037
0.4829808805
-0.468344259628
-0.339877973936
-0.446533682853
0.401290249335
-0.369893434718
-0.324271230853
-0.39908614894
0.436493999699
-0.544232779851
-0.481261814676
-0.357989289265
0.295776460476
-0.414246672546
0.440302248363
0.386875183329
-0.48694656616
0.539696422179
-0.515473264436
0.417452080401
0.562875852199
-0.45426872866
-0.4972810354
0.399765052262
0.406566141724
0.471016465399
-0.456959977955
0.352606943329
0.370420518959
0.437160257575
-0.368891433581
0.397732591489
-0.427126216915
0.48288123053
-0.50054162665
0.379755324809
0.398052382837
0.366855557422
-0.469183821794
0.498283005462
0.453300686621
-0.394971526421
0.425333952073
-0.386537279078
0.325742562607
-0.42533548632
0.470801551912
0.455743981137
0.442560653807
-0.434933222922
-0.433574894501
-0.52518559098
0.397295100296
-0.419802315291
-0.404510164026
-0.354982497862
-0.334495349128
-0.394546077078
-0.359651465572
0.449528340337
0.287443420031
0.408190902673
0.474781554697
-0.419737226827
-0.37340196389
-0.449262458384
0.486531195541
0.458017065095
-0.490682534572
-0.407876418629
0.358699532342
-0.369669078719
-0.426512973292
0.392834951143
0.460493199144
-0.382240926433
0.454908977982
0.421954538741
-0.467763498593
0.577079888261
-0.44431765257
-0.452170300183
-0.402109640731
0.359702397109
-0.437964938916
0.373696918869
0.496807054481
-0.373024643137
0.418671589066
0.404291808553
0.42511521101
-0.380630797348
-0.361111333655
0.426964740863
-0.468708406282
0.449214505675
0.453545553247
0.441638858404
0.409936834631
0.349728818962
-0.302547297536
-0.461519690826
0.55432028761
-0.422482390119
-0.40107122062
-0.407330194947
0.405645193824
-0.359912795783
0.419836526715
-0.488218841611
0.41243472739
0.479601537017
-0.455301104494
-0.499194686106
0.440254134626
-0.441310085681
0.440752580208
-0.444717520752
-0.421920502146
0.496337622285
-0.308749182004
-0.491649848185
-0.489909494044
-0.430708950751
-0.439210705717
-0.463753960208
0.3728643103
-0.432211105152
0.479062480165
-0.383392063209
-0.387296398719
-0.479489268027
-0.396126255027
0.537780191953
0.392018865082
-0.452139897376
-0.42359304885
-0.503069713278
0.364921252241
0.449353661508
0.455170835432
0.423670065692
0.46091349208
-0.36829070125
-0.329272464902
-0.388433109279
0.405901406349
-0.441469691868
-0.398149275345
-0.402804491936
-0.369007582649
-0.470601048732
-0.425855425749
-0.511967165027
-0.376759131695
-0.460147844474
0.449884294714
0.439476315329
-0.453689379233
0.453673429055
0.402592948784
0.414548168627
-0.413407272642
0.584714567927
-0.510664273589
-0.383964417391
-0.406508408216
-0.417534909355
0.30367233823
0.399286524086
-0.356741792085
0.495045945913
-0.42741473043
0.507600868183
0.390253679592
0.479999708894
-0.440475476013
0.437627693501
0.382756595734
-0.436688639871
-0.376041336817
0.398859719735
0.398620077609
0.323390600637
-0.442254878108
-0.360020938208
-0.426081783166
0.510764484163
0.409219389301
-0.502828949082
0.317110325601
-0.339366368201
0.372379850579
-0.412204259296
0.464271377684
0.507722662325
-0.410724637772
-0.443900282474
0.553569219691
-0.410099569901
-0.434598127668
-0.445789519009
-0.434876480891
0.408396051827
-0.327873938007
-0.413497270677
-0.379471618238
-0.436995055789
-0.444492413424
0.405481495429
-0.401356694961
0.393259371807
0.49129166245
-0.362724006337
-0.341669041773
-0.374989330349
-0.405027989148
0.479060578901
-0.439429978525
-0.426060051101
0.523684566565
-0.378272471181
-0.397597437383
0.476436873577
0.433426156366
0.307977760798
-0.350006816824
0.466935285208
-0.411956029173
-0.280864149943
0.516449853031
-0.487943754083
-0.466599709082
-0.360871609313
-0.41204242943
0.499922542878
-0.440456566998
0.411151549441
0.405479974955
0.346933502948
-0.357803480049
-0.42051466257
-0.376365030863
0.510940309148
0.430796236253
-0.372309179937
-0.346228169429
-0.452643745536
-0.374692265626
0.436204625453
0.477446013019
0.437077468481
-0.473110598226
0.405578778548
-0.453887849872
0.424358016582
0.454139061869
-0.398172449501
0.485853420643
-0.478876038973
0.488227987904
-0.401241756075
-0.34453024312
0.443924269891
-0.429184980336
0.484246836821
0.543182835493
-0.401047825921
0.450700855051
0.524848440727
0.531443352431
0.410998309209
-0.395761785612
-0.394340169427
0.476809822622
0.430763271639
0.521271063248
-0.444602177201
0.437229980797
-0.502520282752
-0.341191950013
-0.445085668076
0.432090338415
0.390901054835
-0.340158329432
0.486827897937
-0.364455899405
-0.394231836215
0.485922919708
0.39130828675
-0.404437881961
-0.397190764253
0.451067553525
-0.393378780627
0.452788445802
0.462698630528
0.531122704659
-0.41951909582
-0.456410849449
0.50514506898
-0.358414671446
0.536852992569
0.409326189895
-0.427611499883
-0.451258028568
-0.461639484205
0.438630456202
-0.471426210091
-0.365927099106
0.396184753248
0.445285940833
0.413992507728
0.345105032098
0.522952921025
0.441832363876
0.473528392146
0.478549317639
-0.441614118149
-0.382224046208
-0.386706478004
-0.407393058386
-0.503979429183
0.463662531925
-0.349376234994
0.500272594673
-0.528932552188
-0.438428413014
0.501342442066
-0.448178170154
0.390539193043
0.394828667816
-0.380484949481
-0.509956957401
0.389162796819
-0.367902613386
0.382723197576
0.393484823299
0.369420981074
0.481246082799
0.393264414438
-0.452016720256
0.384417332198
0.468656993145
0.39084063635
-0.402059311915
-0.381350455455
0.360641283135
-0.314040071256
0.43938254114
0.37162935072
-0.405334995629
0.383125534527
-0.465743145849
0.396048074435
-0.409235190415
-0.414471662154
-0.500026561857
0.447866906381
0.495121719311
-0.335225992634
0.413705308331
-0.45023123208
-0.463581531132
-0.401798872838
-0.38449802314
-0.42245466635
0.460105579073
-0.418815907838
-0.476821252477
0.534281451297
0.324418905914
-0.481709981853
0.45475944086
-0.36835051936
0.429679919937
0.365415075403
0.434133671223
-0.374480571382
-0.40378246237
0.395081074124
-0.415294534078
-0.285502361596
-0.413548568669
-0.414834742748
0.412772587996
-0.373938700151
0.422098006074
-0.476984967875
-0.359390047103
-0.391520852273
0.457472135684
0.350785673102
-0.41301230888
0.403447574853
-0.480415549975
0.417984542514
-0.380343265026
0.507083984365
-0.389750359287
-0.361060204378
-0.483495755856
0.448080208303
0.340236969393
0.47199197081
0.478900364062
0.465257569421
0.442751271613
0.413995420331
0.377806268868
-0.479887212671
0.435657556468
-0.38129571131
-0.437510634714
0.464968159379
-0.455577750197
-0.476236245047
0.48089858916
0.448724858414
0.444605389757
0.535849871996
0.485378399394
-0.407907751643
0.341704654631
0.424700330437
-0.338576042583
0.337311368687
0.429064975146
0.489583474956
-0.463488007826
-0.395938068844
0.48003079094
0.361977071606
0.53252510807
-0.41027032466
-0.317368502032
-0.361176394961
-0.354577912511
-0.380101048337
-0.351484706465
0.374851532247
0.350947744405
0.445875062402
-0.469328537348
0.447266124915
-0.383256600237
-0.469318434948
-0.223177269304
0.44588413749
0.514364829655
-0.47061712675
0.417974047632
-0.450079983804
0.528012612559
0.418829693854
0.491439332263
-0.418548388084
0.505464262219
0.435736899974
-0.365225066979
-0.405490907191
0.396754395802
0.379733417373
0.379104865597
-0.414372367459
0.380695109862
0.483470836817
-0.419670746977
0.446457542356
-0.45230592675
0.449967898953
-0.368505830669
-0.406583637572
0.316532723587
-0.436416182704
0.492214718973
-0.413879192663
0.390219765489
-0.261604505249
-0.46535541326
-0.413512112756
-0.432230196429
-0.352272769483
-0.497655996637
0.473834821464
-0.424813040019
0.483283130378
-0.446897757356
-0.324955639765
0.402770060635
0.455468205628
-0.483334664297
0.474492532911
-0.402749475551
0.450175013295
-0.468936317574
-0.384177017289
0.442459728067
-0.414014934533
0.366074584599
-0.356003592694
-0.357435785316
0.371191754359
0.557305298291
-0.412763081274
0.397228437971
-0.474432076265
-0.45144752941
-0.445384911965
0.525957173688
0.449867191218
-0.367981071652
0.50591078833
-0.399707531243
-0.372417797236
0.441631448975
-0.382026225707
0.53617407782
-0.422620893491
-0.478535991276
0.512379418778
-0.429855347774
-0.38931640497
0.410087100611
-0.365797450895
-0.484302406996
0.371517322392
0.430877311055
-0.514740087126
-0.393523104511
-0.429997282986
0.495499254647
0.451734486932
-0.41479065529
0.450888375419
-0.507475174947
-0.511474354827
-0.42532420332
0.406613926928
-0.456089230805
0.471320425144
-0.419532665997
0.349714630993
0.483673852316
-0.447878955243
-0.51200895714
0.495025747254
0.388104634283
-0.448389093833
0.538803944042
0.417150295972
0.340977696927
-0.353940524766
-0.521556608801
0.591659919553
-0.45146347049
0.443596045901
-0.481530807516
-0.295449107979
-0.421129243155
0.473972737066
-0.444528506434
-0.368913143198
0.450365057793
0.414807895133
0.487701632095
0.372633175086
-0.40210390376
-0.471128731995
0.470145461478
0.506079329115
0.426979615267
0.571803696766
0.349648648533
0.430844414616
-0.473444943697
-0.436003809242
-0.379059082628
-0.417244396148
0.460856378401
-0.437615452206
0.47772263934
0.483991833016
0.445661995922
-0.475218564361
-0.512875143672
0.455883858653
0.408152234177
0.514463499442
-0.364332771996
0.398398246738
0.428355360284
-0.425225198257
0.34859195235
-0.413974492733
-0.48327958352
-0.368816838473
0.498729198223
0.372520055021
-0.411495427302
0.461612964579
-0.466729322395
-0.388869776149
-0.412702667836
0.404056957315
0.428814055276
-0.379735557244
0.505386731063
-0.351509071812
0.438497469982
-0.318510942669
0.346699727996
0.544055740578
-0.441165332649
-0.418017416852
-0.421517759411
-0.400583888609
-0.451625507779
-0.419666847146
0.422181407868
0.428479745564
0.410442593015
0.489675269503
0.415431940631
0.535071280813
0.352622203093
-0.40993733107
0.410725150321
0.399599293317
-0.468989963468
0.587817207179
-0.406545696035
0.411246849038
-0.480003516179
0.44996400753
-0.402809018197
-0.398664982222
0.417753190728
0.369905593542
-0.514908577221
0.510190737631
0.434363221663
-0.37664212366
0.502124840504
-0.344761320664
0.435159653252
-0.394294818577
-0.378511460937
0.402172203545
-0.408865349023
0.43472020697
0.3734284102
0.447578682804
0.375699519622
0.485888559173
-0.375024778175
-0.348912801098
0.494742735043
0.422420705886
0.418774714869
-0.430657747755
0.468601257862
0.380359289349
0.412199390768
-0.319885564279
-0.346935149743
-0.407255745929
0.519089352
-0.406056652581
0.398531819057
-0.467953784908
0.379156700341
-0.416595042718
0.44011857
-0.447907621127
0.634226195202
0.440201303099
-0.389891767993
-0.4447516518
0.488806051419
-0.324059763775
-0.452341427932
0.45715416129
0.513766301584
0.402729530612
0.523299721244
-0.404427157654
-0.42186141081
-0.383997356553
-0.454349138413
-0.428245677128
0.397105690996
0.469210130462
0.492797473405
0.463639009233
-0.517765703525
-0.460659824104
0.37783488843
0.393563958824
0.478358583938
-0.350182215319
-0.386883283061
-0.353263525046
-0.417327712731
-0.433447927857
-0.34686518585
-0.401491171448
-0.461225706823
0.357941846853
0.474995211434
0.375840839513
0.429355950554
0.523464893062
-0.405974010177
0.421432402579
0.450477675324
-0.368061196833
0.378866439221
-0.404249088635
-0.454723338602
0.36998248671
-0.35712462712
-0.376422503601
-0.369141836721
-0.328714734956
-0.549362368307
-0.402747693182
0.343417162898
0.487262197476
-0.364497676518
0.50019191753
0.506754165542
0.394399048621
0.472860962074
0.471696394747
-0.389142098013
-0.423437076948
0.42037601106
-0.365651514747
0.347067785557
0.473437799785
0.417334223516
0.47066425459
0.348964475001
-0.378256818317
0.411974827723
0.540479582392
-0.400025490944
-0.421698285088
0.430052026576
0.389890823062
-0.464387518268
-0.406539975978
0.414553991002
0.547581479786
-0.43894397784
-0.417203223498
-0.419306837009
0.427081275839
-0.43826947487
-0.349886647677
-0.474069124377
0.476130426349
-0.428870765325
-0.381373624697
-0.542449431244
-0.468600443386
0.439119529498
0.558210943645
0.494705561452
0.495646887019
-0.369912125729
-0.462210473628
0.464263072176
-0.415750456358
0.407439766818
0.482222634501
-0.340375092989
-0.467859594292
0.462443461022
-0.420491666324
0.356549727359
-0.371401105718
-0.460813658561
-0.413928499195
-0.411381830675
-0.454714295957
-0.418394465889
-0.41518320243
0.438621007021
-0.429105337472
-0.4286273851
-0.532599758592
0.409853736786
-0.43381046842
0.427990075373
0.545164769463
0.436203233128
0.440270173963
-0.451038270093
-0.485698884644
-0.429953558559
-0.385004371676
-0.382735065867
0.460775085414
0.479872871074
-0.360989750094
0.563337063676
0.466941590235
-0.353935107785
-0.443353892697
0.492303347627
-0.412617526379
0.385372005895
0.400921410613
0.458455308852
0.425905405863
0.477202387146
-0.400726050017
-0.51420713919
-0.400946153584
0.480693769773
-0.412211684614
-0.375568466119
-0.328181406018
-0.412794693052
-0.430252961183
0.459226645409
0.403754893785
-0.392778613429
-0.345630311505
0.606807179088
-0.431876846271
0.422865811965
0.453291256606
0.575741147986
0.318715218551
-0.426308686332
-0.437952548356
-0.412654971331
0.424651688331
0.433169594111
0.433032676207
-0.420064402784
0.421215231639
0.433258055494
-0.488300291508
-0.350369881237
-0.482690488196
0.495689380379
-0.368574261161
0.377821501925
0.428295435698
0.231611860613
-0.431852152327
-0.327916403866
0.44175979171
-0.462938366873
0.384352561429
0.408681342113
0.391094771312
-0.416638627549
0.43344749766
-0.325797348148
0.440294350444
-0.380517456909
0.381602909177
-0.364001524587
0.37260398759
0.474259397927
0.438399535332
0.49157780377
0.43872473491
0.497694954305
-0.361316772003
0.379997187274
-0.354042638927
0.502816436574
-0.367442794666
-0.495952112149
-0.490740460446
-0.431983173271
-0.43364364177
0.54121057848
-0.426384181266
-0.375491791754
0.455767687808
-0.43070691678
0.410048299242
0.565406206925
-0.394898922863
0.471349857688
-0.420984670521
0.379615962849
0.410237101725
-0.346314754135
-0.371602879953
0.389892930232
-0.39203887781
0.475570123739
0.509343762023
-0.383792910275
0.553967768998
-0.349413630901
0.398509257124
0.301257490188
0.459070822042
0.409914643487
0.391303232729
0.380923613954
-0.400261060269
0.474186971605
0.514287322385
-0.401970721027
-0.345397965452
0.432292456705
-0.36159717398
-0.42241548627
0.413118428446
0.343601308984
0.513202191854
0.413964652016
-0.4255295392
0.519559191991
-0.32344266449
0.394188106836
0.355658528938
0.431816118776
0.35080205124
0.440096268752
0.422961804111
0.449141751824
-0.442264520117
0.426039658618
-0.448277459015
-0.488883407823
0.479808663218
-0.510450482264
-0.370981562511
0.386461131766
0.469036061021
0.562977599585
0.436481472452
-0.475825858968
0.462715942317
-0.352424979012
0.432542200137
0.433904279109
0.536639334349
0.491309549894
-0.481046946233
-0.42459495627
0.508476717315
0.423874083867
-0.426194469739
-0.467110249834
0.473186207814
-0.378805946392
0.532847951912
0.497161418825
0.488414639135
0.364274631419
-0.37478589786
0.382350697859
-0.482471641545
0.437567480087
-0.359742028893
-0.446264863614
0.447857347017
0.410140336296
-0.462616654443
0.443835226843
-0.338323297737
-0.401995655595
-0.469851775766
-0.316970821929
-0.397091444193
0.435462603325
-0.404335593221
-0.458017611108
-0.346895690235
-0.410698279753
0.381938056234
0.456549348486
-0.380340017728
0.463606004982
-0.426666529685
0.501850720258
0.407682219001
0.473015397717
0.447248050947
0.503326080214
0.406894691097
0.408615180784
-0.413822897583
-0.383841864552
0.349785342202
-0.3623155613
-0.341360969396
-0.452656216168
-0.379174746907
0.373952349001
0.368197794915
0.466780697578
0.404214561864
-0.413033647727
-0.419072493146
0.402140962931
0.378331714789
0.445302711603
0.303900845
0.405814764757
0.509114808951
0.364939185885
0.548359006316
0.489446479764
0.30454727712
-0.369420282118
-0.391689838717
0.418859441058
0.375611024485
-0.396145526968
-0.403518064757
-0.429855373265
0.495890346748
-0.364026600968
-0.373796241115
-0.400824498414
0.464622405195
-0.442328471891
0.435246646979
-0.342265359936
0.38452855777
0.55133327449
0.425852800485
-0.457593296176
-0.451738002592
-0.459102232372
-0.399761060306
0.426241552038
0.412053148571
0.532107372186
0.447731141368
-0.384253364056
0.381919937752
-0.432372993238
0.423639533259
-0.24850853193
0.437032965931
-0.398430509464
-0.443452055074
0.466670369024
-0.421443860476
0.478090355146
-0.430923677718
0.338983041413
0.416459698092
-0.388301172191
0.392419839439
-0.346633355007
-0.416795916831
0.436079781249
0.47497765506
-0.395648653819
0.504354898357
0.428241852742
0.513569290552
-0.435968422326
-0.445136956969
-0.44285911349
-0.44732400717
0.450934037138
-0.329743733178
0.575504493024
0.351238863979
-0.400798506444
-0.467019393513
-0.448038192861
-0.43695763771
-0.390756686904
0.354372877974
-0.480126063361
0.428043009551
-0.437666487051
0.405226259817
-0.396540926545
0.494225212752
0.502842677178
0.376114006866
0.565483312673
0.439599901042
-0.531544123889
-0.349113563928
0.40194144731
-0.413977437855
-0.541073882663
-0.453050885357
-0.442205627739
-0.387748250733
-0.409001328336
-0.425838418688
-0.431240993925
0.443168162202
-0.425216421364
-0.489890011956
0.473556395776
0.456229169241
-0.506163534686
-0.439817491162
0.414063206642
0.494697658297
-0.439843360343
-0.413686130199
-0.461706640538
-0.367880657067
-0.412020957485
0.503062959423
-0.433525155174
-0.463247964435
0.493691423102
0.422713145672
-0.41732486593
0.458841072905
-0.437206828084
-0.423324862212
0.531225956323
-0.496677490239
-0.325724993281
-0.430021349097
0.359997349571
0.420207315085
0.411416676471
0.372476983257
-0.291653635044
0.367317190317
0.479350496426
-0.462186046837
0.447108607218
-0.375899901391
-0.3574436018
-0.337340910461
-0.487321216589
-0.491705692905
-0.402141801002
0.437034541145
0.427687394197
-0.447502181285
-0.481282751493
-0.329824878479
0.397263988807
0.400856297848
0.47892214884
0.396241556874
-0.366569367861
0.491760932064
0.485982351216
0.438483598431
-0.357524254257
0.34187726689
-0.547298682109
-0.514199366912
-0.435941105808
-0.484769380224
0.435732116402
-0.366461417203
-0.431653953764
0.555400800345
0.41705868921
0.415529150077
-0.465120740663
-0.365497694439
-0.497934805112
0.4033872733
-0.374810197623
0.399035413298
-0.442913134303
0.481294362935
0.493694183369
0.429995737662
0.438182762891
0.409026689771
-0.416310996262
0.451095685446
0.47573333541
0.468076322972
-0.446401942248
0.499810178938
-0.424840127169
0.411262162428
0.440672396862
0.422033779865
0.381666337129
-0.366288666624
0.446507744086
0.526454344014
0.4021661828
-0.47363668966
0.447963135005
0.45512335821
0.412251571313
0.422564131559
-0.357756855568
0.336771540224
0.444935333579
0.407624196127
0.364068732175
0.505835313399
-0.404708735717
0.516711598692
-0.434551341615
-0.368148060035
0.463788642657
-0.406486742156
-0.383946620156
-0.383543919835
-0.361914044224
-0.364466503847
-0.40230954155
0.380903625706
-0.409083441274
0.499500942485
0.429287009369
0.607847755871
-0.391131456387
0.379966833074
-0.486754635481
-0.475101516588
0.600584446356
0.563467317022
0.581185458616
-0.455286516926
0.304988733174
0.485967963106
0.354371596262
-0.395488576063
0.496285455266
-0.40634334339
0.517213784881
0.419441273472
-0.486625192068
-0.408399799098
0.410879558491
0.403131814764
0.420615834724
-0.5328329323
0.462594999713
0.413538227814
0.524167501941
0.38355981029
0.406447054516
-0.376960222977
-0.48314874575
-0.482940834593
0.487905009929
-0.315641830866
-0.375323864275
0.404224998304
-0.401300709713
0.404936104184
-0.309783749678
-0.436246468381
0.346710206358
-0.387503356568
-0.364842582397
-0.437550884869
-0.356288157735
-0.461980537767
0.482594209277
-0.495880105353
-0.401478922099
-0.385247753243
0.410251316331
0.456160562876
0.430983745384
0.387488639032
0.471322506409
0.340952867072
-0.448335233869
0.432614611288
-0.402599303365
0.349951242454
-0.446971169768
-0.417576329791
-0.416211950697
-0.463144513599
-0.485190229583
0.399970461731
-0.448208654995
0.4679388126
0.46626342823
0.39973218625
0.294487840761
0.504191604132
0.442385057564
0.381872287638
-0.378036418882
-0.352198834738
-0.39296815873
0.394249166347
0.435628972478
0.526434202258
-0.482930648764
0.41081292231
0.420414505688
-0.389255083363
0.468122009924
0.347145803676
-0.390333134105
0.585021506622
0.500766909137
0.426153350555
0.369137551827
-0.483926962772
-0.468494026317
0.519528944116
-0.501236745101
0.482774654402
0.415482856706
0.503281125998
-0.429762592455
0.43577947587
-0.358668256458
0.434027504236
0.431317074787
-0.475806475086
-0.342608882247
-0.377108836737
0.506533235088
-0.489438560132
0.428986888432
0.502769612271
-0.419847869344
-0.434038858854
0.395501162367
-0.464450603237
0.500585635938
-0.430749741991
-0.366496709707
0.452756807901
0.523133581971
-0.48600041869
0.459299418886
-0.443520126826
-0.467353971875
0.439310435272
-0.392049110998
-0.346854053398
-0.433321086232
0.50680841403
-0.499085050275
0.426214987077
-0.443842085013
-0.487170827743
0.429411048903
-0.403614268687
-0.44955883126
0.496617560565
0.45235007004
-0.46348402885
0.303507673863
-0.45982830654
0.47413815686
0.524930457547
0.485290825387
-0.410852415216
0.473578890257
0.427921747516
-0.459761744957
0.453723411292
0.452195351214
-0.355936887674
0.418888578601
-0.363953626172
0.421809970851
0.521286050733
0.348520278045
0.39001218984
-0.365472006435
0.38276546563
0.427053390072
-0.483613973233
0.359093474148
0.446168974946
-0.447755263822
-0.423801400957
0.487091678721
0.378429608499
0.379076910721
0.546019942959
0.438782770315
0.382633503788
-0.381146932111
0.403387214797
0.503766554029
0.4338913206
-0.384966923449
-0.49659034256
0.477343837832
-0.422089700343
0.390710448662
0.476699884181
-0.437225589046
0.478811698726
0.510980077494
-0.453907779057
0.417484050672
-0.427409998739
0.478439250928
0.436275459296
-0.5285144072
-0.40433480867
0.539728186943
-0.386695466428
0.437895847581
0.441115142755
-0.393055285275
-0.409964723596
-0.331023011351
-0.396396813787
-0.43383720422
0.469659647552
0.421797202662
0.411416547104
-0.409231858054
-0.39895246629
-0.438718181931
0.41003476753
0.419411932439
0.50378594756
0.400931017459
-0.455842618652
0.458541086249
-0.518137754705
-0.398635483669
0.36818171941
0.532556971866
-0.373572573986
-0.313742545346
0.44993206746
0.454746875426
0.512159330946
-0.412644720726
-0.396078519348
0.418125391723
0.42141251227
0.446363523888
-0.360524939398
0.463661316242
-0.440444025278
-0.385047603927
-0.337135312848
0.35198533554
-0.398719644375
0.387437004361
0.41658151517
-0.469915363012
0.462490207738
0.350520571513
-0.40390586276
0.460623460236
0.479540406232
-0.440532641829
0.491568104275
0.442527731523
0.515230710651
0.415246437512
-0.399054018989
-0.368425638648
-0.406396252138
0.349822845203
-0.396420093584
-0.469537172968
-0.375708279533
-0.400483995428
0.3704805151
0.482891261108
0.486299401442
0.406945640031
-0.398698711238
-0.472212847587
-0.47719686686
-0.31872724889
-0.444845581154
0.310536076891
0.424413868217
-0.478182380883
0.412399157929
-0.39089314576
-0.378212075694
-0.37952701411
0.433827612464
-0.38006320201
0.41131721254
-0.455609487352
-0.414108105757
0.40209694086
-0.302390822406
0.554789241325
-0.37696177164
-0.363661583738
0.512785840343
-0.397058495825
-0.35765615944
-0.359482557361
0.50369695957
0.403795210742
-0.370510412061
0.431773058801
0.415127433081
-0.379230182141
0.482738816685
-0.382656946475
0.432519697988
0.484791384294
0.53909030669
0.49689091178
-0.413260819007
-0.406618296352
-0.407273310786
-0.451366764508
-0.485169226653
-0.343114813935
-0.305652078798
-0.456706856595
0.509920336876
0.503033498416
-0.39236847796
-0.417885891475
0.41311730011
0.476328247385
0.477352321233
0.537457291474
-0.365895468443
0.458760485259
-0.440455341602
-0.574477367689
0.330965322901
0.356595262644
0.420200713247
-0.462537309555
0.422047902766
0.447856143459
-0.372637333208
0.460681573338
-0.454834591119
-0.321274993245
0.446572705576
0.466156225311
0.541167814547
-0.444856320042
0.463472732762
0.39761786971
0.442026192126
0.466089792541
0.468306487106
-0.322309827531
-0.42034873121
0.456989799836
-0.36667968038
0.505651616359
-0.417310696329
0.426175312256
-0.391655541648
0.463462650696
0.524897598685
-0.399674648685
-0.438726701769
0.476037328672
0.381943452514
0.448192437963
0.355405221105
-0.344999527936
0.346305245816
-0.47258722191
-0.424996091793
-0.466166901755
-0.393134288485
-0.362468797715
0.441521889406
0.502136640798
-0.382611312353
-0.474292057438
0.443041872929
-0.397924934818
-0.396100084387
0.488129021125
0.430811507948
0.443785550328
0.397793182591
-0.343638115114
0.490907828928
0.444350664171
0.430551722179
0.384884961385
0.421426021477
-0.354117544783
0.431511233061
-0.359559520814
0.442601746647
0.425002565591
-0.387601690291
-0.38021756397
0.364882964727
0.398720706371
-0.433387981205
0.455832709995
-0.408386526135
-0.441121152627
0.413457250964
-0.337973490553
-0.372951480587
-0.371715096042
0.446671099977
-0.44149513642
0.396258593189
0.466550537716
0.426065662528
0.365821124048
-0.407284750511
-0.373510751829
-0.413577793226
-0.437165819958
0.453521314795
0.409577070371
0.44979075261
0.430398970916
-0.375299474065
-0.446962122263
-0.459121536439
-0.365421567499
-0.403960136322
-0.418911572319
0.456248196131
-0.38535541307
0.481547953249
0.428950412315
-0.381235633266
0.44097837301
-0.420077512634
-0.586574243351
0.460136934207
-0.441955939947
0.450885763746
0.448569044666
-0.471265752776
-0.517688951419
0.410342986086
-0.468959969202
0.578038649736
-0.390181958547
0.488138573373
-0.439362113606
-0.381787131704
0.402951258117
-0.367243749694
-0.384683039332
-0.402135974742
0.470507287998
-0.427414273585
-0.408712649171
-0.380495101939
0.319303942265
0.431266761011
-0.306500451429
-0.373627022503
0.448346689252
-0.493391093141
0.466093474118
-0.424971297029
-0.45656059456
-0.478538644626
0.469388525835
0.499209360186
0.507613548725
-0.34562093361
-0.339664292434
-0.370409238939
0.437921376265
-0.502206436329
-0.341330396126
-0.463798534059
0.563343233514
0.456602338133
0.437005707877
0.485812288188
-0.36970055817
0.464624057899
0.513900814559
0.434070298692
0.485346705048
0.396476559894
-0.402799580066
0.502296537115
-0.383682546727
-0.417037678395
-0.482242214776
0.465699082661
0.432834565104
-0.442541492798
-0.444801508852
0.446114082897
0.484463885878
0.458871202526
0.352155193375
-0.44895887157
-0.409103464848
0.377317005083
0.392417526106
-0.387284452549
0.584949164422
-0.423838915958
-0.432699214147
0.432896487768
0.462684134731
-0.397042815768
0.466716407635
0.490073073238
-0.382122991387
-0.358057429006
-0.411772149016
-0.405420847787
-0.457296228179
0.423638170686
0.488492705243
0.330448787233
-0.424199357551
0.479855786439
-0.389372587006
0.537690188842
0.404833005964
-0.421789325615
0.490099233241
0.515043110094
-0.485378674939
0.477570652758
0.345123719187
-0.428408289341
0.428029640724
0.370896814299
-0.434709026358
0.464935575361
-0.438076526313
-0.476671137915
-0.432550426019
0.459808525432
-0.38140041815
-0.325434039753
0.524589970287
-0.390957420304
-0.457767502847
0.42983092964
0.44410277433
-0.39503352407
-0.3886038273
0.422236328378
-0.438208669579
0.507015526717
-0.448747705049
-0.486619928811
-0.473526018196
-0.421167847784
0.444331014528
-0.434561053244
-0.369380310204
-0.40365069755
0.439360605951
0.442135239909
-0.344014138715
0.44269696163
-0.367996748297
0.521655515216
-0.429975531153
-0.432959338062
0.392318234173
0.462050749186
0.495778203235
0.356931022466
-0.415587897421
0.444670714301
0.400640020052
0.492604585656
-0.457243139131
0.506555033491
-0.321889608785
-0.430243583771
-0.439735492953
0.451979421408
0.458697389834
-0.434825966189
-0.399562119982
-0.459376378102
-0.439139248479
-0.489085951136
-0.364968100314
0.410021299652
0.446298810368
0.450915162873
-0.40935520032
-0.380954371735
-0.302540229824
-0.407067578723
-0.325147036388
-0.407591123931
-0.385492106778
0.398683432503
-0.47170534529
-0.451326117885
-0.45809108986
-0.332965643942
-0.379099927622
-0.410041848635
0.468666208999
-0.385326084718
-0.401067172157
-0.435615324669
-0.388226598979
0.523831285608
0.548297102454
0.3843042132
0.444078949775
0.465724503548
0.496489643391
0.447711241789
0.419410015621
-0.443281555375
-0.376599218416
